0 3245 1 0
0 3976 1 0
0 4136 1 0
0 2757 1 0
0 2524 1 0
0 5415 1 1
0 2324 1 1
0 3246 1 1
0 1418 1 1
0 298 1 1
0 1052 1 1
0 903 1 2
0 3428 1 2
0 106 1 2
0 1130 1 2
0 5717 1 2
0 745 1 2
0 5576 1 2
0 4757 1 2
0 4867 1 2
0 2897 1 2
1 5387 1 0
1 1911 1 0
1 5866 1 0
1 824 1 0
1 2462 1 0
1 2374 1 1
1 327 1 1
1 1832 1 1
1 1363 1 1
1 2046 1 1
1 2848 1 1
1 2391 1 2
1 1273 1 2
1 5136 1 2
1 2155 1 2
1 5354 1 2
1 4106 1 3
1 4711 1 3
1 3909 1 3
1 5110 1 3
1 222 1 3
1 1643 1 4
1 6148 1 4
1 5505 1 4
1 4449 1 4
1 3302 1 4
1 3763 1 4
1 1194 1 4
1 199 1 4
1 5456 1 4
1 2577 1 4
1 785 1 4
1 4333 1 4
1 1100 1 4
1 1091 1 4
2 1070 1 0
2 2877 1 0
2 1861 1 0
2 3800 1 0
2 3000 1 0
2 1672 1 1
2 699 1 1
2 2908 1 1
2 5175 1 1
2 284 1 1
2 1469 1 1
2 257 1 1
2 4820 1 1
2 4614 1 1
2 2992 1 1
2 1767 1 1
2 3014 1 1
2 829 1 1
2 4242 1 1
2 5337 1 1
2 249 1 2
2 2597 1 2
2 1922 1 2
2 1858 1 2
2 2030 1 2
2 1225 1 2
2 3828 1 2
2 4572 1 2
2 401 1 2
2 827 1 2
2 5366 1 2
3 904 1 0
3 5818 1 0
3 1115 1 0
3 4745 1 0
3 2884 1 0
3 4251 1 0
3 4861 1 0
3 2097 1 0
3 960 1 0
3 5237 1 0
3 343 1 0
3 4751 1 0
3 5492 1 0
3 2752 1 0
3 370 1 0
3 3160 1 0
3 3418 1 1
3 4433 1 1
3 678 1 1
3 1736 1 1
3 1283 1 1
3 2380 1 1
4 844 1 0
4 3872 1 0
4 3076 1 0
4 122 1 0
4 731 1 0
4 1020 1 1
4 5587 1 1
4 1512 1 1
4 589 1 1
4 1764 1 1
4 2322 1 1
4 1029 1 1
5 2164 1 0
5 5307 1 0
5 4598 1 0
5 2826 1 0
5 4520 1 0
5 3933 1 1
5 732 1 1
5 4335 1 1
5 2543 1 1
5 263 1 1
5 5781 1 1
5 1886 1 1
5 4337 1 2
5 316 1 2
5 2662 1 2
5 2991 1 2
5 543 1 2
5 2105 1 2
5 722 1 2
5 5194 1 3
5 3557 1 3
5 4046 1 3
5 681 1 3
5 4578 1 3
5 523 1 3
5 4737 1 3
5 925 1 3
5 1088 1 4
5 2085 1 4
5 3074 1 4
5 5668 1 4
5 1704 1 4
5 4542 1 4
5 1378 1 5
5 4800 1 5
5 3824 1 5
5 1696 1 5
5 5759 1 5
5 5611 1 5
5 4748 1 5
5 6096 1 5
5 1984 1 5
5 3673 1 5
5 1452 1 5
5 90 1 5
5 5824 1 5
5 4183 1 6
5 5557 1 6
5 2005 1 6
5 3067 1 6
5 2228 1 6
6 5250 1 0
6 1293 1 0
6 5898 1 0
6 3276 1 0
6 3771 1 0
6 5761 1 0
6 4585 1 1
6 3995 1 1
6 5641 1 1
6 1513 1 1
6 2138 1 1
7 2440 1 0
7 2626 1 0
7 913 1 0
7 2042 1 0
7 4233 1 0
7 2413 1 0
7 5259 1 0
7 6035 1 0
7 3717 1 0
7 5676 1 0
7 5523 1 0
7 4071 1 0
7 4470 1 0
7 5083 1 0
7 1964 1 0
7 3374 1 0
7 2505 1 1
7 4620 1 1
7 1413 1 1
7 706 1 1
7 4890 1 1
7 2285 1 1
7 995 1 1
7 5062 1 1
7 3649 1 1
7 4052 1 1
7 1474 1 1
7 2065 1 1
7 5041 1 1
7 1572 1 1
7 942 1 1
7 1485 1 1
7 59 1 1
7 3062 1 1
7 3983 1 1
7 3424 1 1
7 3185 1 2
7 865 1 2
7 5841 1 2
7 6030 1 2
7 3981 1 2
7 3468 1 2
7 5185 1 3
7 1802 1 3
7 2766 1 3
7 4555 1 3
7 2561 1 3
7 3544 1 3
8 1274 1 0
8 4010 1 0
8 3310 1 0
8 5689 1 0
8 668 1 0
8 4035 1 0
8 1816 1 0
8 533 1 0
8 5826 1 0
8 1040 1 0
8 4714 1 0
8 5475 1 0
8 1071 1 0
8 2618 1 0
8 3126 1 0
8 323 1 0
8 149 1 0
8 4787 1 0
8 5993 1 0
8 5709 1 0
8 4559 1 0
8 3944 1 0
8 4255 1 0
8 228 1 0
8 3657 1 0
8 2989 1 0
8 4222 1 0
8 2001 1 1
8 1141 1 1
8 3921 1 1
8 1514 1 1
8 5979 1 1
8 339 1 1
8 137 1 1
8 5197 1 1
8 5093 1 1
9 4682 1 0
9 3124 1 0
9 3195 1 0
9 5016 1 0
9 1597 1 0
9 2018 1 0
9 5706 1 0
9 1670 1 1
9 4894 1 1
9 5438 1 1
9 1532 1 1
9 2177 1 1
9 3018 1 1
9 2077 1 1
9 4799 1 1
9 2511 1 1
9 2346 1 1
9 5235 1 1
9 5848 1 1
10 451 1 0
10 2563 1 0
10 2634 1 0
10 3765 1 0
10 38 1 0
10 4908 1 0
10 693 1 0
10 6071 1 0
10 2255 1 1
10 308 1 1
10 395 1 1
10 5463 1 1
10 2596 1 1
10 1566 1 1
10 3633 1 1
10 3983 1 1
10 5078 1 1
11 1008 1 0
11 3784 1 0
11 491 1 0
11 1034 1 0
11 5167 1 0
11 3212 1 0
11 4972 1 0
11 2809 1 1
11 3198 1 1
11 4389 1 1
11 3196 1 1
11 4866 1 1
11 4579 1 1
11 5221 1 1
11 6158 1 1
11 4163 1 1
11 5479 1 1
11 5139 1 1
11 2566 1 1
11 4326 1 1
11 3423 1 1
11 3438 1 1
11 1012 1 1
11 2447 1 1
11 5428 1 1
11 3635 1 1
11 54 1 1
11 4288 1 1
11 5712 1 1
11 5450 1 1
11 1667 1 1
11 3916 1 1
11 3122 1 1
11 1796 1 1
11 2446 1 1
11 405 1 2
11 1664 1 2
11 5106 1 2
11 2998 1 2
11 3411 1 2
11 635 1 2
11 1320 1 2
11 5714 1 2
12 2694 1 0
12 2509 1 0
12 1535 1 0
12 2736 1 0
12 4443 1 0
12 2723 1 0
12 4038 1 0
12 3075 1 0
12 4392 1 0
12 48 1 0
12 158 1 0
12 433 1 0
12 1822 1 0
12 445 1 0
12 2003 1 0
12 2070 1 0
12 5057 1 0
12 3355 1 0
12 3897 1 0
12 5192 1 0
12 412 1 0
12 2685 1 0
12 5105 1 0
12 1713 1 0
12 1587 1 0
12 4967 1 1
12 3528 1 1
12 1533 1 1
12 2327 1 1
12 1916 1 1
12 1370 1 1
12 4788 1 1
12 788 1 1
12 3953 1 1
12 4201 1 1
12 3660 1 1
12 3599 1 1
12 389 1 1
12 2464 1 1
12 4008 1 1
12 200 1 1
12 3665 1 1
12 2044 1 1
12 3774 1 1
12 4763 1 1
12 1009 1 1
12 2949 1 1
13 2656 1 0
13 4143 1 0
13 4853 1 0
13 1815 1 0
13 2922 1 0
13 5058 1 0
13 5072 1 0
13 1675 1 1
13 1107 1 1
13 5527 1 1
13 3782 1 1
13 850 1 1
13 174 1 1
14 1972 1 0
14 636 1 0
14 3829 1 0
14 6078 1 0
14 5182 1 0
14 2170 1 0
14 2876 1 1
14 2145 1 1
14 4833 1 1
14 2620 1 1
14 4912 1 1
14 5274 1 1
15 2354 1 0
15 3188 1 0
15 186 1 0
15 5477 1 0
15 2617 1 0
15 4006 1 0
15 2262 1 0
15 822 1 0
15 363 1 1
15 687 1 1
15 2216 1 1
15 3942 1 1
15 2256 1 1
15 3300 1 2
15 5833 1 2
15 4629 1 2
15 3095 1 2
15 2132 1 2
15 4339 1 2
15 1662 1 2
15 3499 1 2
15 4056 1 2
15 4473 1 2
15 906 1 2
15 1585 1 2
15 2125 1 2
15 673 1 2
15 2113 1 2
15 4417 1 2
15 5756 1 2
15 253 1 2
15 798 1 2
15 4995 1 2
15 5640 1 2
15 5236 1 2
15 2558 1 2
15 5418 1 2
15 4307 1 2
15 936 1 2
15 5408 1 2
16 5879 1 0
16 5006 1 0
16 4128 1 0
16 3465 1 0
16 3526 1 0
16 5945 1 0
16 4469 1 0
16 3887 1 0
16 2078 1 0
16 4218 1 0
16 3921 1 0
16 4365 1 0
16 5457 1 0
16 5159 1 1
16 2836 1 1
16 1401 1 1
16 2432 1 1
16 1793 1 1
16 1906 1 1
16 4789 1 1
16 5896 1 1
16 4786 1 1
16 2487 1 1
16 4375 1 1
16 4879 1 1
16 4012 1 1
16 3119 1 1
17 2837 1 0
17 4770 1 0
17 1716 1 0
17 5914 1 0
17 4868 1 0
17 121 1 1
17 4272 1 1
17 495 1 1
17 1976 1 1
17 4653 1 1
17 5729 1 1
17 2140 1 1
17 465 1 1
17 310 1 1
17 427 1 1
17 5320 1 1
17 3900 1 1
17 5011 1 1
17 784 1 1
17 4760 1 1
17 1537 1 1
17 3722 1 1
17 4937 1 1
17 177 1 1
18 4402 1 0
18 5882 1 0
18 1804 1 0
18 1081 1 0
18 2632 1 0
18 5467 1 1
18 2123 1 1
18 2023 1 1
18 1405 1 1
18 6052 1 1
18 4003 1 1
18 5970 1 1
19 5715 1 0
19 3134 1 0
19 4009 1 0
19 187 1 0
19 4459 1 0
19 3243 1 1
19 183 1 1
19 3572 1 1
19 3517 1 1
19 3343 1 1
20 2864 1 0
20 1118 1 0
20 2246 1 0
20 1647 1 0
20 4093 1 0
20 1652 1 0
20 1622 1 1
20 1640 1 1
20 2123 1 1
20 2495 1 1
20 2915 1 1
20 5257 1 1
20 3901 1 1
20 4194 1 1
20 4602 1 1
20 419 1 1
20 2186 1 1
20 3232 1 1
20 4628 1 1
20 2523 1 1
20 2883 1 1
20 1842 1 1
20 4818 1 1
20 5374 1 1
20 4461 1 1
20 4727 1 1
20 3082 1 1
20 3850 1 1
20 1991 1 2
20 553 1 2
20 3558 1 2
20 5423 1 2
20 3741 1 2
20 507 1 3
20 4921 1 3
20 3270 1 3
20 4153 1 3
20 4331 1 3
20 1487 1 3
20 934 1 3
20 5599 1 3
20 922 1 3
20 296 1 3
20 1586 1 3
20 5164 1 3
20 5331 1 3
20 487 1 3
20 1875 1 3
20 5046 1 4
20 300 1 4
20 1569 1 4
20 3637 1 4
20 1123 1 4
20 5147 1 5
20 2363 1 5
20 5723 1 5
20 2211 1 5
20 4216 1 5
20 3321 1 6
20 4872 1 6
20 4809 1 6
20 5574 1 6
20 2684 1 6
20 4316 1 6
20 3577 1 6
20 5070 1 6
20 5909 1 6
20 1476 1 6
20 3590 1 6
20 9 1 7
20 3112 1 7
20 677 1 7
20 289 1 7
20 2913 1 7
20 1950 1 7
21 5738 1 0
21 3151 1 0
21 5181 1 0
21 1217 1 0
21 3661 1 0
21 340 1 0
21 1627 1 0
21 2405 1 0
21 1082 1 0
21 3946 1 0
21 6015 1 0
21 4950 1 0
21 4772 1 0
21 1271 1 0
21 4115 1 0
21 4412 1 0
21 840 1 0
21 5975 1 0
21 475 1 0
21 2732 1 0
21 3248 1 0
21 85 1 0
21 268 1 1
21 5462 1 1
21 5725 1 1
21 2367 1 1
21 3643 1 1
21 5736 1 1
21 3162 1 1
21 1213 1 1
21 5362 1 1
21 2711 1 1
21 3531 1 1
21 3060 1 1
21 2442 1 1
21 621 1 1
21 2682 1 1
21 3063 1 1
21 2629 1 1
21 5915 1 1
21 3049 1 1
21 5986 1 1
22 4644 1 0
22 803 1 0
22 1281 1 0
22 2557 1 0
22 4742 1 0
22 4015 1 0
22 4053 1 0
22 2133 1 0
22 1801 1 0
22 3767 1 0
22 3006 1 1
22 6105 1 1
22 2928 1 1
22 1387 1 1
22 4574 1 1
22 2548 1 1
23 4688 1 0
23 6077 1 0
23 2062 1 0
23 3989 1 0
23 2667 1 0
23 908 1 0
23 2437 1 0
23 2594 1 0
23 5785 1 0
23 5143 1 0
23 805 1 0
23 290 1 0
23 115 1 0
23 2911 1 0
23 5288 1 0
23 2933 1 1
23 5549 1 1
23 3138 1 1
23 3333 1 1
23 5711 1 1
24 5464 1 0
24 2002 1 0
24 3609 1 0
24 1144 1 0
24 4762 1 0
24 712 1 0
24 2455 1 0
24 3057 1 0
24 1065 1 0
24 6154 1 0
24 916 1 1
24 3280 1 1
24 4524 1 1
24 2365 1 1
24 357 1 1
24 3832 1 1
24 920 1 1
24 4637 1 1
24 4238 1 1
24 5531 1 1
24 1900 1 1
24 1974 1 2
24 3336 1 2
24 820 1 2
24 4936 1 2
24 1058 1 2
24 6000 1 2
24 6072 1 2
24 4202 1 2
24 2865 1 2
24 6057 1 3
24 3202 1 3
24 5135 1 3
24 1236 1 3
24 147 1 3
24 1348 1 3
24 422 1 3
24 4973 1 3
24 3317 1 3
24 5726 1 3
24 5109 1 3
24 4167 1 3
24 4720 1 3
24 506 1 3
24 4970 1 3
24 5777 1 3
24 970 1 3
24 4410 1 3
24 5646 1 3
24 4226 1 3
24 2473 1 3
24 1349 1 3
24 2910 1 3
24 1403 1 3
24 2680 1 3
25 3911 1 0
25 2805 1 0
25 4408 1 0
25 3560 1 0
25 1912 1 0
25 111 1 0
25 4422 1 0
25 325 1 0
25 2603 1 0
25 5937 1 1
25 3853 1 1
25 2771 1 1
25 1621 1 1
25 967 1 1
25 4526 1 2
25 1504 1 2
25 3334 1 2
25 5122 1 2
25 1888 1 2
26 5446 1 0
26 3046 1 0
26 5311 1 0
26 364 1 0
26 5141 1 0
26 5054 1 0
26 2021 1 0
26 1663 1 0
26 780 1 0
26 5930 1 0
26 1014 1 1
26 5537 1 1
26 4641 1 1
26 137 1 1
26 3988 1 1
26 4177 1 1
26 4511 1 1
26 3698 1 1
26 6049 1 1
26 5177 1 1
26 5015 1 1
26 853 1 1
26 1311 1 1
26 2997 1 1
26 1284 1 1
26 617 1 1
26 6136 1 2
26 3934 1 2
26 3700 1 2
26 4418 1 2
26 4978 1 2
26 4462 1 2
26 4485 1 2
26 5142 1 2
27 3237 1 0
27 2449 1 0
27 4959 1 0
27 293 1 0
27 4603 1 0
27 1385 1 1
27 4616 1 1
27 3913 1 1
27 1761 1 1
27 1491 1 1
27 114 1 1
27 1124 1 1
27 2201 1 1
27 1287 1 1
27 5090 1 1
28 4928 1 0
28 4969 1 0
28 1377 1 0
28 5020 1 0
28 1873 1 0
28 1375 1 0
28 4715 1 0
28 4426 1 1
28 4961 1 1
28 4791 1 1
28 1330 1 1
28 3568 1 1
28 5719 1 1
28 4534 1 1
28 5322 1 1
28 5044 1 1
28 2281 1 1
28 3478 1 1
28 1031 1 1
28 1636 1 1
28 2238 1 1
29 3035 1 0
29 1467 1 0
29 1544 1 0
29 5718 1 0
29 1821 1 0
29 1042 1 1
29 5809 1 1
29 2591 1 1
29 1459 1 1
29 4289 1 1
30 1302 1 0
30 142 1 0
30 2312 1 0
30 4784 1 0
30 3273 1 0
30 4436 1 0
30 1936 1 0
30 5542 1 0
30 4161 1 0
30 1458 1 0
30 963 1 0
30 2610 1 0
30 866 1 1
30 3752 1 1
30 171 1 1
30 2193 1 1
30 3390 1 1
30 5798 1 1
30 2730 1 1
31 2657 1 0
31 4885 1 0
31 3968 1 0
31 4628 1 0
31 4627 1 0
31 5026 1 0
31 4228 1 0
31 3086 1 0
31 5318 1 0
31 3757 1 0
31 5398 1 0
31 1881 1 0
31 783 1 0
31 6149 1 0
31 1206 1 0
31 670 1 0
31 1781 1 0
31 2180 1 0
31 4920 1 0
31 6025 1 0
31 1651 1 0
31 3039 1 0
31 1579 1 0
31 923 1 0
31 2894 1 0
31 3406 1 0
31 2704 1 0
31 5504 1 0
31 1711 1 0
31 4033 1 0
31 3888 1 0
31 5543 1 0
31 5325 1 0
31 5948 1 0
31 1360 1 1
31 1250 1 1
31 5255 1 1
31 3034 1 1
31 3148 1 1
31 1810 1 2
31 5158 1 2
31 2275 1 2
31 5442 1 2
31 4700 1 2
31 4276 1 2
31 1715 1 2
31 5791 1 2
31 4552 1 2
31 1814 1 2
31 5061 1 3
31 1878 1 3
31 3617 1 3
31 987 1 3
31 2733 1 3
31 4333 1 3
32 622 1 0
32 596 1 0
32 3387 1 0
32 628 1 0
32 2329 1 0
32 6094 1 0
32 3451 1 0
32 4495 1 0
32 986 1 0
32 2943 1 0
32 5517 1 0
32 653 1 0
32 2358 1 0
32 4055 1 0
32 2072 1 0
32 3205 1 0
32 1820 1 0
32 2245 1 1
32 1033 1 1
32 273 1 1
32 5764 1 1
32 2423 1 1
32 7 1 1
32 4260 1 1
32 4558 1 1
32 2434 1 1
32 5473 1 2
32 5441 1 2
32 4213 1 2
32 2082 1 2
32 4883 1 2
32 2619 1 2
32 456 1 2
32 2007 1 2
32 2300 1 2
32 6081 1 2
32 478 1 2
32 5691 1 2
32 4494 1 2
32 3972 1 2
32 3441 1 2
32 927 1 2
32 3259 1 2
32 3163 1 2
32 4510 1 2
32 4503 1 2
32 4256 1 2
32 2194 1 2
32 1275 1 2
32 4091 1 2
32 1325 1 2
32 5834 1 2
32 2436 1 2
32 2492 1 2
32 2086 1 2
32 3750 1 2
32 3695 1 2
32 733 1 2
32 582 1 2
32 197 1 2
32 5030 1 2
32 6005 1 2
32 4553 1 2
32 2614 1 2
32 3890 1 2
32 2486 1 2
32 355 1 2
32 2578 1 2
32 2833 1 2
32 1356 1 2
32 3632 1 2
32 3969 1 2
32 2139 1 2
32 4779 1 2
32 4050 1 2
32 1424 1 2
32 1465 1 2
32 1918 1 2
32 3816 1 2
32 1431 1 2
32 4951 1 2
32 3088 1 2
32 5604 1 2
32 786 1 2
32 2783 1 2
32 1741 1 2
32 2366 1 2
32 3740 1 2
32 4797 1 2
32 1838 1 2
32 3156 1 2
32 6150 1 2
32 4059 1 2
32 1688 1 2
32 5119 1 2
32 2911 1 2
32 206 1 2
32 3070 1 2
32 2067 1 2
32 512 1 2
32 1218 1 2
32 2845 1 2
32 758 1 2
32 5064 1 2
32 4926 1 2
32 3942 1 3
32 891 1 3
32 1404 1 3
32 4209 1 3
32 4917 1 3
32 4095 1 3
32 5934 1 3
32 2641 1 3
32 3494 1 3
32 3839 1 3
32 5038 1 3
32 2764 1 3
32 3487 1 3
32 3672 1 3
32 4223 1 3
32 1707 1 3
32 3459 1 3
32 3941 1 3
32 1788 1 3
32 5516 1 3
32 4145 1 3
32 5443 1 3
32 4029 1 3
32 1941 1 3
32 5032 1 3
32 6091 1 3
32 4525 1 3
32 4049 1 3
32 72 1 3
32 4646 1 3
32 3731 1 3
32 6048 1 3
32 2173 1 3
32 3103 1 3
32 3507 1 3
32 14 1 3
32 1985 1 3
32 3181 1 3
32 2727 1 4
32 1448 1 4
32 5770 1 4
32 4985 1 4
32 2083 1 4
32 1473 1 4
32 3514 1 4
32 921 1 4
32 4116 1 4
32 2743 1 4
32 1594 1 4
32 4235 1 4
33 2014 1 0
33 441 1 0
33 1891 1 0
33 2396 1 0
33 4116 1 0
33 4614 1 0
33 110 1 1
33 5471 1 1
33 381 1 1
33 3135 1 1
33 4532 1 1
34 2490 1 0
34 3570 1 0
34 5097 1 0
34 811 1 0
34 1712 1 0
34 4249 1 0
34 710 1 0
34 951 1 0
34 3525 1 0
34 2213 1 0
34 2479 1 0
34 4815 1 0
34 130 1 0
34 5929 1 0
34 1970 1 1
34 3830 1 1
34 3686 1 1
34 1892 1 1
34 3425 1 1
34 3313 1 1
35 1756 1 0
35 5613 1 0
35 1515 1 0
35 6022 1 0
35 5339 1 0
35 3136 1 0
35 6058 1 0
35 4285 1 1
35 6067 1 1
35 2726 1 1
35 709 1 1
35 3566 1 1
35 4587 1 2
35 5768 1 2
35 831 1 2
35 3328 1 2
35 1758 1 2
35 2117 1 2
35 5092 1 2
35 1347 1 2
36 4577 1 0
36 2266 1 0
36 1769 1 0
36 1854 1 0
36 3813 1 0
36 5561 1 1
36 45 1 1
36 5923 1 1
36 2412 1 1
36 754 1 1
36 5262 1 1
36 5680 1 2
36 5671 1 2
36 1077 1 2
36 5638 1 2
36 3078 1 2
36 1826 1 2
36 3812 1 2
36 5500 1 2
37 3777 1 0
37 530 1 0
37 3130 1 0
37 2808 1 0
37 5532 1 0
37 5853 1 0
37 1682 1 0
37 5548 1 0
37 3488 1 0
37 141 1 0
37 1454 1 0
37 4042 1 0
37 5005 1 0
37 15 1 0
37 1606 1 0
37 2582 1 1
37 777 1 1
37 5745 1 1
37 1962 1 1
37 3810 1 1
37 503 1 1
37 5166 1 1
37 5453 1 1
37 3281 1 1
37 2439 1 1
37 2754 1 1
37 1329 1 1
37 4214 1 1
37 4575 1 1
37 5320 1 1
37 5202 1 1
37 63 1 1
37 2147 1 1
37 5131 1 1
37 1137 1 1
37 4892 1 1
37 1550 1 1
37 1152 1 1
37 3113 1 1
37 3296 1 1
37 2722 1 1
37 3773 1 1
38 1795 1 0
38 5411 1 0
38 4198 1 0
38 5666 1 0
38 1288 1 0
38 5980 1 1
38 1212 1 1
38 2267 1 1
38 2532 1 1
38 1282 1 1
38 3097 1 1
38 5429 1 1
38 3703 1 1
38 5922 1 1
38 1451 1 1
38 1957 1 1
38 2606 1 1
38 2888 1 1
38 1862 1 1
38 4383 1 1
39 276 1 0
39 4245 1 0
39 3454 1 0
39 883 1 0
39 4184 1 0
39 3583 1 0
39 1523 1 0
39 4100 1 0
39 609 1 0
39 3624 1 0
39 4626 1 0
39 6146 1 0
39 117 1 0
39 1425 1 0
39 3631 1 0
39 3715 1 1
39 1649 1 1
39 3274 1 1
39 3575 1 1
39 4730 1 1
39 1855 1 1
39 4318 1 1
39 5556 1 1
39 3354 1 1
39 3545 1 1
39 4645 1 1
39 304 1 1
39 3264 1 1
39 1103 1 1
39 4550 1 1
39 4593 1 1
39 4768 1 1
39 365 1 1
39 5255 1 1
39 3836 1 1
39 2079 1 1
39 1978 1 1
40 1121 1 0
40 2473 1 0
40 3656 1 0
40 2838 1 0
40 3963 1 0
40 1180 1 0
40 5373 1 0
40 5947 1 0
40 5196 1 0
40 1836 1 0
40 5644 1 0
40 3970 1 0
40 917 1 0
40 703 1 0
40 583 1 0
40 57 1 0
40 715 1 0
40 3742 1 0
40 443 1 0
40 3471 1 0
40 5089 1 0
40 2261 1 0
40 2496 1 0
40 434 1 0
40 5700 1 0
40 1938 1 0
40 4996 1 0
40 3842 1 0
40 685 1 0
40 3434 1 0
40 2231 1 0
40 935 1 0
40 5226 1 0
40 5178 1 1
40 695 1 1
40 691 1 1
40 4691 1 1
40 3743 1 1
40 841 1 1
40 1653 1 1
40 1041 1 1
40 3422 1 1
40 4844 1 1
40 2411 1 1
40 2016 1 1
40 2735 1 1
40 1763 1 1
40 3421 1 1
40 4325 1 1
40 5229 1 1
40 747 1 1
40 4025 1 1
40 5794 1 1
40 6138 1 1
40 4595 1 1
40 1835 1 1
41 5757 1 0
41 4487 1 0
41 4165 1 0
41 5739 1 0
41 4661 1 0
41 4964 1 0
41 3905 1 0
41 743 1 0
41 1132 1 0
41 2705 1 0
41 4413 1 0
41 3009 1 0
41 6026 1 0
41 1789 1 0
41 1902 1 0
41 3876 1 0
41 5619 1 0
41 513 1 0
41 2102 1 0
41 3814 1 0
41 2870 1 0
41 1292 1 0
41 541 1 0
41 3480 1 0
41 4693 1 0
41 2127 1 0
41 2124 1 0
41 4492 1 0
41 2223 1 0
41 905 1 0
41 4728 1 1
41 3496 1 1
41 5165 1 1
41 4583 1 1
41 1002 1 1
41 3479 1 1
41 5660 1 1
41 4528 1 1
41 1907 1 1
41 6080 1 1
41 5921 1 1
41 4802 1 1
41 1379 1 1
41 16 1 1
41 1297 1 2
41 2643 1 2
41 4122 1 2
41 3064 1 2
41 2527 1 2
42 2900 1 0
42 5713 1 0
42 3880 1 0
42 1365 1 0
42 3521 1 0
42 702 1 0
42 5296 1 0
42 4126 1 0
42 4124 1 0
42 4472 1 0
42 6031 1 0
42 1674 1 0
42 5031 1 0
42 5420 1 0
42 692 1 0
42 2932 1 0
42 2475 1 0
42 17 1 0
42 5480 1 0
42 5252 1 0
42 4731 1 0
42 535 1 0
42 210 1 0
42 294 1 0
42 3265 1 1
42 6133 1 1
42 1657 1 1
42 4526 1 1
42 907 1 1
42 247 1 1
42 3345 1 1
42 4918 1 2
42 4424 1 2
42 6061 1 2
42 5316 1 2
42 2061 1 2
42 1466 1 2
42 4821 1 2
42 1603 1 2
42 602 1 3
42 897 1 3
42 6002 1 3
42 1668 1 3
42 5055 1 3
42 978 1 3
42 4212 1 3
42 3249 1 3
42 1877 1 3
42 3756 1 3
42 444 1 3
42 5663 1 3
42 696 1 3
42 714 1 3
42 53 1 3
42 835 1 3
42 2004 1 3
42 598 1 3
42 644 1 4
42 3031 1 4
42 2491 1 4
42 2955 1 4
42 5186 1 4
42 4811 1 4
43 2205 1 0
43 4650 1 0
43 3552 1 0
43 813 1 0
43 4955 1 0
43 4707 1 1
43 4467 1 1
43 2209 1 1
43 1251 1 1
43 3399 1 1
44 716 1 0
44 787 1 0
44 3324 1 0
44 4991 1 0
44 5857 1 0
44 1161 1 0
44 4274 1 0
44 4761 1 0
44 1102 1 0
44 5755 1 0
44 3928 1 0
44 5213 1 0
44 919 1 1
44 3605 1 1
44 354 1 1
44 5037 1 1
44 2124 1 1
45 3294 1 0
45 2073 1 0
45 318 1 0
45 5933 1 0
45 229 1 0
45 5404 1 1
45 5017 1 1
45 189 1 1
45 1341 1 1
45 730 1 1
45 5406 1 1
45 3866 1 1
45 2852 1 1
45 3734 1 1
45 1755 1 1
45 335 1 1
45 779 1 2
45 1619 1 2
45 4563 1 2
45 520 1 2
45 4913 1 2
45 4710 1 2
45 2502 1 2
45 2470 1 2
46 1044 1 0
46 5870 1 0
46 6126 1 0
46 2304 1 0
46 1312 1 0
46 314 1 0
46 3152 1 0
46 1267 1 0
46 4864 1 0
46 1409 1 0
46 4078 1 0
46 6141 1 0
46 3145 1 0
46 944 1 1
46 1059 1 1
46 462 1 1
46 87 1 1
46 5819 1 1
46 3870 1 1
46 1948 1 2
46 35 1 2
46 2695 1 2
46 1106 1 2
46 1176 1 2
46 5844 1 2
46 3711 1 2
46 2359 1 2
46 4210 1 2
46 2006 1 2
46 3458 1 2
46 5396 1 2
46 2701 1 2
46 4543 1 2
46 2430 1 2
46 5043 1 2
46 568 1 2
46 2337 1 2
46 625 1 2
46 1170 1 2
46 3101 1 2
46 2286 1 2
46 5695 1 2
46 4021 1 2
46 1460 1 2
46 5225 1 2
46 945 1 3
46 1573 1 3
46 4497 1 3
46 4442 1 3
46 3401 1 3
46 1201 1 3
46 5350 1 3
46 4489 1 3
47 4601 1 0
47 521 1 0
47 3117 1 0
47 5741 1 0
47 1542 1 0
47 1994 1 0
47 2875 1 0
47 2174 1 1
47 2853 1 1
47 5658 1 1
47 5403 1 1
47 540 1 1
47 2521 1 1
47 1540 1 1
47 2507 1 1
48 4982 1 0
48 2508 1 0
48 5752 1 0
48 5419 1 0
48 946 1 0
48 4179 1 0
48 3912 1 1
48 489 1 1
48 6128 1 1
48 115 1 1
48 928 1 1
49 6109 1 0
49 1497 1 0
49 5875 1 0
49 1690 1 0
49 1905 1 0
49 5359 1 0
49 5916 1 0
49 1075 1 0
49 2055 1 0
49 4699 1 0
49 4506 1 0
49 1972 1 0
49 3987 1 0
49 1252 1 0
49 4454 1 1
49 1035 1 1
49 1045 1 1
49 2897 1 1
49 5352 1 1
49 859 1 1
49 4683 1 1
50 4924 1 0
50 3472 1 0
50 1611 1 0
50 2270 1 0
50 3077 1 0
50 5834 1 1
50 595 1 1
50 519 1 1
50 762 1 1
50 838 1 1
50 3996 1 1
50 73 1 1
50 3484 1 1
50 55 1 1
50 5894 1 1
50 2463 1 1
50 4632 1 1
50 4925 1 1
51 5384 1 0
51 234 1 0
51 4342 1 0
51 2139 1 0
51 5054 1 0
51 3972 1 0
51 3718 1 1
51 2144 1 1
51 175 1 1
51 3331 1 1
51 2053 1 1
51 5764 1 1
52 1298 1 0
52 3958 1 0
52 782 1 0
52 1738 1 0
52 5298 1 0
52 3949 1 1
52 992 1 1
52 18 1 1
52 1246 1 1
52 2165 1 1
52 20 1 1
52 5205 1 2
52 3626 1 2
52 2242 1 2
52 3372 1 2
52 5563 1 2
53 2604 1 0
53 3846 1 0
53 3312 1 0
53 605 1 0
53 3469 1 0
53 25 1 0
53 1557 1 0
53 4374 1 1
53 1280 1 1
53 152 1 1
53 2812 1 1
53 2482 1 1
53 4562 1 1
54 4430 1 0
54 4516 1 0
54 2027 1 0
54 143 1 0
54 5097 1 0
54 1531 1 1
54 3233 1 1
54 5501 1 1
54 812 1 1
54 1975 1 1
54 2554 1 1
54 3140 1 2
54 3433 1 2
54 4886 1 2
54 2217 1 2
54 2103 1 2
54 4513 1 2
54 3170 1 2
55 5385 1 0
55 5317 1 0
55 1051 1 0
55 2749 1 0
55 2948 1 0
55 2282 1 0
55 680 1 0
55 5407 1 0
55 2898 1 0
55 3559 1 0
55 1295 1 1
55 1913 1 1
55 2644 1 1
55 2036 1 1
55 4068 1 1
55 896 1 1
55 5702 1 1
55 4304 1 1
55 590 1 1
55 1845 1 1
55 5990 1 1
55 3678 1 1
55 5449 1 2
55 3186 1 2
55 4246 1 2
55 2372 1 2
55 2831 1 2
55 2090 1 2
55 2529 1 2
55 979 1 2
55 3389 1 2
55 2785 1 2
55 4111 1 2
55 4381 1 2
55 2890 1 2
55 5023 1 2
55 4792 1 2
55 4636 1 2
55 3027 1 3
55 5448 1 3
55 4377 1 3
55 5630 1 3
55 3500 1 3
55 1966 1 3
55 5972 1 3
55 3929 1 3
55 5631 1 3
55 1185 1 4
55 509 1 4
55 1705 1 4
55 2668 1 4
55 2753 1 4
55 3140 1 4
55 5971 1 5
55 2167 1 5
55 5279 1 5
55 3980 1 5
55 4619 1 5
55 1676 1 5
55 6043 1 5
55 1768 1 5
55 6 1 5
55 3867 1 6
55 2483 1 6
55 880 1 6
55 2755 1 6
55 868 1 6
55 3467 1 6
55 890 1 6
55 561 1 6
55 1691 1 6
55 931 1 6
55 1381 1 6
55 3737 1 6
55 4873 1 6
55 4668 1 6
55 2681 1 6
55 2669 1 6
55 2350 1 6
55 5783 1 6
55 6103 1 6
55 1986 1 6
55 5810 1 6
55 4252 1 6
55 1917 1 6
55 1909 1 6
55 619 1 6
55 2287 1 6
55 560 1 6
56 975 1 0
56 5862 1 0
56 5843 1 0
56 5238 1 0
56 2325 1 0
56 282 1 0
56 4313 1 0
56 2416 1 0
56 2585 1 0
56 3651 1 0
56 2427 1 0
56 4254 1 0
56 3761 1 0
56 3392 1 0
56 3690 1 0
56 1683 1 0
56 4857 1 0
56 3048 1 0
56 2242 1 0
56 4343 1 0
56 3143 1 0
56 5218 1 1
56 760 1 1
56 3694 1 1
56 5774 1 1
56 5626 1 1
56 3200 1 1
56 1104 1 1
56 1336 1 1
56 2646 1 1
56 3455 1 1
56 3281 1 1
56 5665 1 1
56 1439 1 1
56 4759 1 1
56 3931 1 1
56 5748 1 1
56 1237 1 1
56 3725 1 1
56 1784 1 1
56 4649 1 1
56 1153 1 1
56 5042 1 1
56 4692 1 1
56 3578 1 2
56 3671 1 2
56 1338 1 2
56 5603 1 2
56 392 1 2
56 2501 1 2
56 2317 1 2
56 5771 1 2
56 406 1 2
56 4806 1 2
56 1740 1 2
56 1499 1 2
56 3453 1 2
56 154 1 2
56 5807 1 2
56 6042 1 2
56 2428 1 2
56 4094 1 2
56 5786 1 2
56 1547 1 2
56 980 1 2
56 4409 1 2
56 4596 1 2
56 2972 1 2
56 2421 1 2
56 4677 1 2
56 1344 1 2
56 929 1 2
56 4278 1 2
56 182 1 2
56 413 1 2
56 4349 1 2
56 4845 1 2
56 1032 1 2
56 321 1 2
57 713 1 0
57 2574 1 0
57 1426 1 0
57 2026 1 0
57 83 1 0
57 4204 1 1
57 4670 1 1
57 140 1 1
57 3663 1 1
57 3744 1 1
57 431 1 2
57 3684 1 2
57 5305 1 2
57 4530 1 2
57 306 1 2
57 4427 1 2
57 3491 1 2
57 2204 1 2
57 4363 1 2
57 3429 1 2
57 5156 1 2
57 675 1 2
57 3947 1 2
57 1239 1 2
57 402 1 2
57 2218 1 2
57 1495 1 2
57 245 1 2
57 2652 1 2
57 5315 1 3
57 131 1 3
57 4101 1 3
57 3364 1 3
57 2092 1 3
57 1885 1 3
57 4635 1 3
57 5679 1 3
57 4529 1 3
57 1436 1 3
57 4372 1 3
57 5412 1 3
57 965 1 3
58 1500 1 0
58 1830 1 0
58 4939 1 0
58 1449 1 0
58 2494 1 0
58 393 1 0
58 4984 1 0
58 720 1 0
58 4263 1 0
58 5329 1 0
58 1726 1 0
58 2693 1 0
58 5988 1 0
58 1125 1 0
58 2914 1 0
58 3535 1 0
58 3376 1 0
58 1919 1 0
58 3 1 0
58 5749 1 0
58 5247 1 0
58 4123 1 0
58 3164 1 0
58 2272 1 0
58 775 1 0
58 1823 1 1
58 4946 1 1
58 1593 1 1
58 3579 1 1
58 3975 1 1
58 399 1 1
58 5787 1 1
58 2819 1 1
58 332 1 1
58 1624 1 1
58 148 1 1
58 587 1 1
58 3353 1 1
58 964 1 1
58 1316 1 1
58 2308 1 1
58 4953 1 1
58 5941 1 1
58 5903 1 1
58 218 1 1
58 2466 1 1
58 4277 1 1
58 796 1 1
58 3606 1 1
58 4909 1 1
59 2382 1 0
59 5087 1 0
59 2731 1 0
59 2882 1 0
59 5344 1 0
59 628 1 1
59 4176 1 1
59 4545 1 1
59 1264 1 1
59 190 1 1
59 301 1 1
59 5426 1 2
59 605 1 2
59 3469 1 2
59 3795 1 2
59 4323 1 2
59 1557 1 2
60 350 1 0
60 3080 1 0
60 5850 1 0
60 5647 1 0
60 4683 1 0
60 3409 1 0
60 4655 1 0
60 4771 1 0
60 3518 1 0
60 5365 1 1
60 2765 1 1
60 2846 1 1
60 1529 1 1
60 1519 1 1
60 2362 1 2
60 5678 1 2
60 3554 1 2
60 1023 1 2
60 1113 1 2
60 1522 1 2
60 5261 1 2
60 5927 1 3
60 4740 1 3
60 2691 1 3
60 1238 1 3
60 2101 1 3
60 1093 1 3
60 1076 1 3
60 5642 1 3
60 5636 1 3
60 2717 1 3
60 4754 1 3
60 333 1 3
60 5928 1 3
60 6142 1 3
60 4065 1 3
60 6092 1 3
60 4733 1 3
60 4354 1 3
60 3129 1 3
60 529 1 3
60 504 1 3
60 1666 1 3
60 4159 1 3
60 536 1 3
60 5501 1 3
60 669 1 4
60 618 1 4
60 2895 1 4
60 4580 1 4
60 3272 1 4
60 1404 1 4
60 5220 1 4
60 5341 1 4
60 1532 1 4
60 4884 1 4
60 830 1 4
60 1163 1 4
60 729 1 4
60 2219 1 4
60 3930 1 4
60 4282 1 4
60 2786 1 4
60 2306 1 4
60 4841 1 4
60 4526 1 4
60 3759 1 4
60 1987 1 4
60 4722 1 4
60 358 1 4
60 3589 1 4
60 3596 1 4
60 5763 1 4
60 1692 1 4
60 4642 1 4
60 442 1 4
60 3981 1 4
60 1190 1 4
60 5920 1 4
60 3370 1 4
60 214 1 4
60 5861 1 4
60 4446 1 4
60 3886 1 4
60 2640 1 4
60 1060 1 4
60 5655 1 4
60 4694 1 4
60 4935 1 4
60 3071 1 4
60 2804 1 4
60 4541 1 4
60 479 1 4
60 998 1 4
60 1995 1 4
60 1427 1 4
60 3732 1 4
60 2445 1 4
60 5812 1 5
60 3687 1 5
60 3506 1 5
60 3485 1 5
60 3228 1 5
60 5627 1 5
60 1195 1 5
60 5597 1 5
60 4716 1 5
60 5888 1 5
60 5227 1 5
60 1013 1 5
60 4064 1 5
60 1481 1 5
60 2154 1 5
60 3727 1 5
60 2192 1 5
61 5724 1 0
61 446 1 0
61 5065 1 0
61 4051 1 0
61 1068 1 0
61 1997 1 0
61 4647 1 0
61 5913 1 0
61 5946 1 0
61 432 1 0
61 2649 1 0
61 6088 1 1
61 1019 1 1
61 2575 1 1
61 5346 1 1
61 5048 1 1
61 3365 1 1
61 5977 1 1
61 4546 1 1
61 6114 1 1
61 4104 1 1
61 2353 1 1
61 326 1 1
62 3610 1 0
62 3476 1 0
62 2369 1 0
62 1592 1 0
62 4227 1 0
62 1553 1 0
62 473 1 0
62 815 1 1
62 2756 1 1
62 1486 1 1
62 1880 1 1
62 5893 1 1
62 3371 1 1
62 2990 1 1
62 5183 1 2
62 1096 1 2
62 2545 1 2
62 4004 1 2
62 4611 1 2
62 3395 1 2
63 3776 1 0
63 1156 1 0
63 3227 1 0
63 1480 1 0
63 1116 1 0
63 1517 1 0
63 4856 1 1
63 3716 1 1
63 3789 1 1
63 1157 1 1
63 1001 1 1
64 4114 1 0
64 3551 1 0
64 1380 1 0
64 4415 1 0
64 734 1 0
64 4989 1 0
64 4339 1 0
64 3430 1 1
64 5148 1 1
64 3297 1 1
64 5034 1 1
64 2156 1 1
64 5835 1 1
64 4172 1 1
64 1300 1 1
64 1684 1 1
64 3450 1 1
64 4073 1 1
64 4262 1 1
64 3955 1 1
64 957 1 1
64 5823 1 1
64 1129 1 1
64 5600 1 1
64 3271 1 1
64 220 1 1
64 1172 1 1
64 4157 1 1
64 1574 1 1
64 2965 1 1
64 3315 1 1
64 5790 1 1
64 1866 1 1
64 2639 1 1
64 736 1 1
64 5460 1 1
64 2533 1 1
64 5184 1 1
64 5144 1 1
64 5581 1 1
64 1415 1 1
64 4284 1 1
64 4181 1 1
64 5212 1 1
65 1196 1 0
65 245 1 0
65 5094 1 0
65 1645 1 0
65 3253 1 0
65 5887 1 0
65 86 1 0
65 214 1 1
65 5533 1 1
65 403 1 1
65 2058 1 1
65 4518 1 1
65 974 1 1
65 67 1 1
65 3447 1 1
65 657 1 1
65 2134 1 1
66 3895 1 0
66 1929 1 0
66 424 1 0
66 3580 1 0
66 3582 1 0
66 8 1 0
66 6008 1 0
66 4590 1 1
66 1317 1 1
66 1337 1 1
66 3719 1 1
66 0 1 1
66 3775 1 1
66 3473 1 1
66 688 1 1
67 1084 1 0
67 4448 1 0
67 1609 1 0
67 4001 1 0
67 532 1 0
67 5241 1 0
67 3319 1 0
67 2444 1 0
67 6045 1 0
67 3238 1 0
67 1709 1 1
67 1279 1 1
67 1382 1 1
67 3849 1 1
67 2100 1 1
67 3855 1 1
67 5388 1 1
67 5459 1 1
67 3726 1 1
67 5382 1 1
67 1785 1 1
67 4453 1 1
67 3169 1 1
67 4896 1 1
67 2565 1 1
67 1559 1 1
68 3291 1 0
68 3501 1 0
68 971 1 0
68 3347 1 0
68 5811 1 0
68 3189 1 0
68 4463 1 0
68 1965 1 0
68 3378 1 0
68 2782 1 0
68 2678 1 0
68 2251 1 1
68 794 1 1
68 3327 1 1
68 972 1 1
68 2628 1 1
68 2675 1 1
68 3569 1 1
68 1824 1 1
68 3413 1 1
68 2728 1 1
68 2593 1 1
68 1778 1 1
68 558 1 1
68 5595 1 2
68 4240 1 2
68 2611 1 2
68 3862 1 2
68 21 1 2
68 3054 1 2
68 3997 1 3
68 5935 1 3
68 4976 1 3
68 4526 1 3
68 243 1 3
68 918 1 3
68 2545 1 3
68 5253 1 3
68 3729 1 3
68 2429 1 3
68 1254 1 3
68 3754 1 3
68 6120 1 3
68 5199 1 3
68 1882 1 3
68 1011 1 3
68 3533 1 3
69 2406 1 0
69 4608 1 0
69 3255 1 0
69 1671 1 0
69 2763 1 0
69 2747 1 0
69 2806 1 0
69 1046 1 0
69 2137 1 0
69 2550 1 0
69 5187 1 1
69 1841 1 1
69 4388 1 1
69 5126 1 1
69 239 1 1
69 2986 1 1
69 1618 1 1
69 496 1 1
70 3044 1 0
70 1178 1 0
70 3858 1 0
70 4312 1 0
70 959 1 0
70 5108 1 0
70 4464 1 0
70 3778 1 1
70 5793 1 1
70 5827 1 1
70 4581 1 1
70 168 1 1
70 2823 1 1
71 12 1 0
71 5508 1 0
71 2849 1 0
71 2360 1 0
71 792 1 0
71 5029 1 0
71 378 1 0
71 3283 1 0
71 2513 1 0
71 3306 1 0
71 1232 1 0
71 3622 1 1
71 2872 1 1
71 3377 1 1
71 5206 1 1
71 863 1 1
71 5637 1 1
71 136 1 1
71 3239 1 1
71 5952 1 1
71 4028 1 1
71 4765 1 1
72 4625 1 0
72 3407 1 0
72 211 1 0
72 50 1 0
72 4940 1 0
72 4439 1 0
72 2963 1 0
72 5697 1 0
72 4239 1 0
72 2461 1 0
72 2056 1 0
72 4639 1 0
72 5591 1 0
72 766 1 0
72 1977 1 0
72 88 1 0
72 4749 1 0
72 3565 1 0
72 226 1 0
72 1047 1 0
72 5160 1 0
72 2590 1 0
72 4085 1 0
72 6102 1 0
72 5872 1 0
72 882 1 1
72 1048 1 1
72 1982 1 1
72 1092 1 1
72 3084 1 1
72 1475 1 1
72 4894 1 1
72 1596 1 1
72 4716 1 1
72 2975 1 1
72 787 1 1
72 4089 1 1
72 1853 1 1
72 5178 1 2
72 984 1 2
72 5502 1 2
72 3584 1 2
72 769 1 2
72 872 1 2
72 3978 1 2
72 801 1 2
72 627 1 2
72 2343 1 2
72 3615 1 2
72 2352 1 2
72 1620 1 2
72 4823 1 2
72 1406 1 2
72 172 1 2
72 1777 1 2
73 640 1 0
73 2551 1 0
73 5936 1 0
73 1598 1 0
73 5795 1 0
73 3154 1 1
73 6017 1 1
73 1607 1 1
73 1007 1 1
73 3278 1 1
73 5592 1 1
73 3149 1 1
73 1463 1 1
73 5116 1 1
73 2225 1 1
73 1732 1 1
73 2210 1 1
73 1567 1 1
73 3983 1 1
73 3917 1 1
74 127 1 0
74 1113 1 0
74 2867 1 0
74 5149 1 0
74 2052 1 0
74 999 1 1
74 550 1 1
74 2953 1 1
74 4656 1 1
74 4416 1 1
75 3440 1 0
75 3344 1 0
75 4340 1 0
75 2912 1 0
75 5508 1 0
75 1562 1 1
75 4717 1 1
75 31 1 1
75 2571 1 1
75 460 1 1
75 2696 1 1
75 4597 1 1
75 2232 1 1
75 2787 1 1
75 5127 1 1
75 2074 1 1
75 448 1 1
76 1528 1 0
76 2600 1 0
76 3760 1 0
76 663 1 0
76 4781 1 0
76 4617 1 0
76 3420 1 0
76 2879 1 0
76 217 1 0
76 3166 1 0
76 4678 1 0
76 1744 1 0
76 2519 1 0
76 6004 1 1
76 6127 1 1
76 1833 1 1
76 1849 1 1
76 3745 1 1
76 1215 1 1
76 164 1 1
76 5996 1 1
76 854 1 1
76 2199 1 1
76 2885 1 1
76 3215 1 1
76 548 1 1
76 4351 1 1
76 3550 1 1
76 5722 1 1
76 2822 1 1
76 4196 1 1
76 5606 1 1
76 5493 1 1
76 3111 1 1
76 1973 1 2
76 3938 1 2
76 5000 1 2
76 4060 1 2
76 628 1 2
77 3753 1 0
77 2328 1 0
77 1925 1 0
77 4084 1 0
77 3217 1 0
77 4075 1 0
77 5002 1 0
77 4531 1 0
77 3104 1 1
77 2616 1 1
77 564 1 1
77 1870 1 1
77 5570 1 1
77 5286 1 1
77 4599 1 1
77 5601 1 1
77 6079 1 1
77 2790 1 1
77 3607 1 1
77 5098 1 1
77 288 1 1
77 196 1 1
77 2772 1 1
77 421 1 1
77 4894 1 1
77 3769 1 1
77 1258 1 1
77 2966 1 1
77 1291 1 1
77 1847 1 1
77 537 1 1
77 5751 1 1
77 2792 1 1
77 1278 1 1
77 1078 1 1
77 3675 1 1
77 6090 1 1
77 3623 1 1
77 4366 1 1
77 4401 1 1
77 2659 1 1
77 4456 1 1
77 3021 1 1
77 2692 1 1
77 4265 1 1
78 3563 1 0
78 1025 1 0
78 4315 1 0
78 3993 1 0
78 3072 1 0
78 4303 1 0
78 285 1 1
78 1187 1 1
78 4702 1 1
78 3305 1 1
78 793 1 1
79 3923 1 0
79 2746 1 0
79 1828 1 0
79 5924 1 0
79 2779 1 0
79 1391 1 0
79 1364 1 1
79 4622 1 1
79 5817 1 1
79 5243 1 1
79 6011 1 1
79 4986 1 1
79 2655 1 1
79 4219 1 1
79 3026 1 1
79 4081 1 1
79 4397 1 1
79 5483 1 1
80 5984 1 0
80 3219 1 0
80 671 1 0
80 645 1 0
80 4897 1 0
80 5865 1 1
80 4 1 1
80 5966 1 1
80 606 1 1
80 517 1 1
81 3620 1 0
81 649 1 0
81 2990 1 0
81 1674 1 0
81 2636 1 0
81 4292 1 1
81 3408 1 1
81 4243 1 1
81 962 1 1
81 1073 1 1
81 1376 1 2
81 704 1 2
81 2224 1 2
81 5217 1 2
81 2141 1 2
81 1193 1 3
81 849 1 3
81 2706 1 3
81 414 1 3
81 4013 1 3
81 4281 1 3
81 1313 1 3
81 2553 1 3
81 2168 1 3
81 1371 1 3
81 1352 1 3
81 1951 1 4
81 3192 1 4
81 2162 1 4
81 4568 1 4
81 2457 1 4
82 3171 1 0
82 3851 1 0
82 2702 1 0
82 721 1 0
82 700 1 0
82 2526 1 0
82 3960 1 1
82 62 1 1
82 119 1 1
82 1393 1 1
82 1242 1 1
82 4129 1 1
82 2720 1 1
82 581 1 2
82 2621 1 2
82 3098 1 2
82 356 1 2
82 806 1 2
82 1969 1 2
82 1221 1 2
82 2977 1 2
82 3807 1 2
82 1629 1 2
82 5545 1 2
82 2773 1 2
82 1927 1 2
82 5436 1 2
82 5575 1 3
82 1934 1 3
82 3020 1 3
82 2259 1 3
82 1323 1 3
83 4275 1 0
83 654 1 0
83 2784 1 0
83 5520 1 0
83 3448 1 0
83 4726 1 0
83 723 1 0
83 2829 1 0
83 5588 1 0
83 6013 1 0
83 4332 1 0
83 5171 1 0
83 113 1 0
83 1800 1 0
83 1945 1 0
83 5957 1 0
83 4658 1 0
83 781 1 0
83 5370 1 0
83 3595 1 0
83 1673 1 0
83 988 1 0
83 982 1 0
83 2288 1 0
83 2289 1 0
83 2185 1 0
83 4036 1 0
83 3511 1 0
83 2860 1 0
83 1811 1 0
83 2008 1 0
83 3231 1 0
83 3379 1 0
83 1117 1 0
83 3573 1 0
83 3951 1 0
83 244 1 0
83 2425 1 0
83 1138 1 0
83 4732 1 0
83 5544 1 0
83 4681 1 0
83 5579 1 0
83 4490 1 0
83 565 1 0
83 1369 1 0
83 5538 1 0
83 2703 1 0
83 449 1 0
83 2569 1 0
83 4150 1 0
83 5981 1 0
83 5902 1 0
83 307 1 0
83 1361 1 0
83 4835 1 0
83 1296 1 0
83 4902 1 0
83 2175 1 0
83 4569 1 0
83 4287 1 0
83 5264 1 0
83 5511 1 0
83 5804 1 0
83 6033 1 0
83 3229 1 0
83 5075 1 0
83 5073 1 0
83 3936 1 0
83 1979 1 0
83 4207 1 0
83 1461 1 0
83 3780 1 0
83 4037 1 0
83 3266 1 0
83 698 1 0
83 2751 1 0
83 902 1 0
83 3602 1 0
83 3577 1 0
83 5813 1 0
83 2338 1 0
83 3735 1 0
83 2121 1 0
83 2761 1 1
83 4164 1 1
83 420 1 1
83 4127 1 1
83 5082 1 1
83 2093 1 1
83 1230 1 1
83 4367 1 1
83 4105 1 1
83 2094 1 1
83 5278 1 1
83 968 1 1
83 1745 1 1
83 3616 1 1
84 2893 1 0
84 5302 1 0
84 2417 1 0
84 2245 1 0
84 377 1 0
84 4914 1 1
84 4142 1 1
84 3139 1 1
84 5541 1 1
84 2397 1 1
84 3222 1 2
84 1334 1 2
84 5085 1 2
84 958 1 2
84 3236 1 2
85 133 1 0
85 1309 1 0
85 3536 1 0
85 1639 1 0
85 997 1 0
85 2011 1 0
85 270 1 0
85 5734 1 0
85 4609 1 0
85 3857 1 0
85 2719 1 1
85 2233 1 1
85 5007 1 1
85 6006 1 1
85 6028 1 1
86 2292 1 0
86 2559 1 0
86 1053 1 0
86 5309 1 0
86 2290 1 0
86 4705 1 0
86 1428 1 0
86 1807 1 0
86 408 1 0
86 241 1 0
86 1017 1 0
86 4018 1 0
86 5648 1 1
86 5461 1 1
86 4047 1 1
86 1276 1 1
86 126 1 1
86 5704 1 1
86 4432 1 1
86 2588 1 1
86 5868 1 1
87 4863 1 0
87 5431 1 0
87 104 1 0
87 4058 1 0
87 3439 1 0
87 3380 1 0
87 1903 1 1
87 242 1 1
87 4869 1 1
87 2059 1 1
87 4031 1 1
88 764 1 0
88 2305 1 0
88 4965 1 0
88 4812 1 0
88 5698 1 0
88 1244 1 0
88 3555 1 0
88 2480 1 0
88 138 1 0
88 2774 1 0
88 5480 1 0
88 2393 1 0
88 2862 1 1
88 5687 1 1
88 188 1 1
88 4098 1 1
88 4264 1 1
88 1142 1 1
88 3444 1 1
88 1747 1 2
88 212 1 2
88 2271 1 2
88 5361 1 2
88 4860 1 2
89 1654 1 0
89 5512 1 0
89 4690 1 0
89 1526 1 0
89 1799 1 0
89 4858 1 0
89 3110 1 0
89 3634 1 1
89 269 1 1
89 1541 1 1
89 3337 1 1
89 2516 1 1
89 5128 1 1
89 976 1 1
89 2816 1 1
89 5858 1 2
89 4539 1 2
89 3165 1 2
89 615 1 2
89 2012 1 2
90 5244 1 0
90 5117 1 0
90 398 1 0
90 2605 1 0
90 3338 1 0
90 4754 1 1
90 5814 1 1
90 646 1 1
90 531 1 1
90 4146 1 1
90 955 1 1
90 1507 1 2
90 5233 1 2
90 68 1 2
90 1742 1 2
90 4804 1 2
90 1147 1 2
91 415 1 0
91 3965 1 0
91 2268 1 0
91 2999 1 0
91 34 1 0
91 2111 1 1
91 848 1 1
91 3351 1 1
91 2709 1 1
91 3030 1 1
91 2839 1 1
91 4915 1 1
91 1656 1 2
91 3028 1 2
91 3312 1 2
91 3415 1 2
91 1219 1 2
91 4027 1 2
91 3697 1 2
92 5302 1 0
92 5580 1 0
92 1126 1 0
92 251 1 0
92 1599 1 0
92 22 1 1
92 233 1 1
92 2938 1 1
92 3003 1 1
92 525 1 1
92 5863 1 1
93 5871 1 0
93 900 1 0
93 56 1 0
93 223 1 0
93 555 1 0
93 4535 1 0
93 603 1 0
93 4175 1 1
93 1543 1 1
93 3885 1 1
93 5805 1 1
93 5338 1 1
93 84 1 1
93 2293 1 2
93 5828 1 2
93 4069 1 2
93 320 1 2
93 3664 1 2
94 2112 1 0
94 5203 1 0
94 2311 1 0
94 5009 1 0
94 2017 1 0
94 3811 1 0
94 3482 1 0
94 2503 1 0
94 4149 1 0
94 4020 1 0
94 2962 1 1
94 4862 1 1
94 1678 1 1
94 3398 1 1
94 3329 1 1
94 3217 1 1
94 2542 1 2
94 527 1 2
94 2031 1 2
94 2775 1 2
94 5103 1 2
95 2200 1 0
95 5522 1 0
95 3772 1 0
95 4329 1 0
95 6157 1 0
95 3508 1 0
95 2869 1 0
95 1677 1 0
95 3100 1 1
95 2381 1 1
95 227 1 1
95 3486 1 1
95 3515 1 1
95 4317 1 1
96 4663 1 0
96 4734 1 0
96 4048 1 0
96 3724 1 0
96 3553 1 0
96 2994 1 0
96 886 1 0
96 443 1 0
96 4758 1 0
96 2029 1 0
96 344 1 0
96 3332 1 0
96 2555 1 0
96 5433 1 0
96 4706 1 0
96 5900 1 0
96 5260 1 0
96 4838 1 0
96 1679 1 0
96 2142 1 0
96 566 1 0
96 3696 1 0
96 376 1 0
96 3483 1 0
96 2010 1 0
96 5701 1 0
96 926 1 0
96 518 1 0
96 4087 1 0
96 3114 1 0
96 5753 1 0
96 2907 1 0
96 2770 1 0
96 2181 1 0
96 2923 1 0
96 1131 1 0
96 3797 1 0
96 5822 1 0
96 5536 1 0
96 1783 1 0
96 3614 1 0
96 341 1 0
96 4298 1 0
96 2143 1 0
96 3945 1 0
96 2379 1 0
96 1937 1 0
96 1488 1 0
96 705 1 0
96 5306 1 0
96 1398 1 0
96 4554 1 0
96 4088 1 0
96 748 1 0
96 5389 1 0
96 1518 1 0
96 1946 1 0
96 5664 1 0
96 2624 1 0
96 842 1 0
96 1122 1 0
96 5832 1 0
96 1661 1 0
96 2422 1 0
96 4981 1 0
96 123 1 0
96 2971 1 0
96 4189 1 0
96 3902 1 0
96 4022 1 0
96 5634 1 0
96 4097 1 0
96 3908 1 0
96 5506 1 0
96 191 1 0
96 3254 1 0
96 237 1 0
96 4197 1 0
96 4910 1 0
96 5162 1 0
96 192 1 0
96 1520 1 0
96 4778 1 0
96 4810 1 0
96 3910 1 0
96 5703 1 0
96 514 1 0
96 3330 1 0
96 3837 1 0
96 664 1 0
96 5066 1 0
96 3992 1 0
96 3682 1 0
96 3174 1 0
96 5343 1 0
96 4014 1 0
96 4168 1 0
96 477 1 0
96 4666 1 0
96 1710 1 0
96 1545 1 0
96 4040 1 0
96 856 1 0
96 4793 1 0
96 2676 1 0
96 6085 1 0
96 1399 1 0
96 5074 1 0
96 5053 1 0
96 818 1 0
96 2307 1 0
96 3447 1 0
96 749 1 0
96 1079 1 0
96 993 1 0
96 660 1 0
96 435 1 0
96 4395 1 0
96 5944 1 0
96 3679 1 0
96 3214 1 0
96 1240 1 0
96 2832 1 0
96 4968 1 0
96 3781 1 0
96 651 1 0
96 3803 1 0
96 1721 1 0
96 799 1 0
96 2514 1 0
96 5100 1 0
96 738 1 1
96 5129 1 1
96 2939 1 1
96 1220 1 1
96 559 1 1
96 366 1 1
96 1362 1 1
96 634 1 1
96 836 1 1
96 1840 1 1
96 5949 1 1
96 159 1 1
96 1561 1 2
96 4676 1 2
96 2844 1 2
96 3244 1 2
96 2815 1 2
96 1021 1 2
96 2313 1 2
96 4777 1 2
96 3436 1 3
96 567 1 3
96 82 1 3
96 2595 1 3
96 4118 1 3
96 2549 1 3
96 2598 1 3
96 4221 1 3
96 1259 1 3
96 3260 1 3
96 4659 1 3
96 129 1 4
96 771 1 4
96 1575 1 4
96 1896 1 4
96 4850 1 4
96 3410 1 4
96 1083 1 4
96 3323 1 4
96 3116 1 4
96 2237 1 4
97 5649 1 0
97 3860 1 0
97 66 1 0
97 1150 1 0
97 3395 1 0
97 1625 1 1
97 2149 1 1
97 3710 1 1
97 4076 1 1
97 4474 1 1
97 4512 1 2
97 5191 1 2
97 5659 1 2
97 3382 1 2
97 4257 1 2
97 5145 1 2
97 1787 1 2
97 3523 1 2
97 1395 1 2
97 4615 1 2
97 1570 1 2
97 1901 1 2
97 4380 1 2
97 624 1 2
97 4827 1 2
97 726 1 2
97 3856 1 2
97 1444 1 2
97 3497 1 2
98 1669 1 0
98 3209 1 0
98 4932 1 0
98 3417 1 0
98 5494 1 0
98 4067 1 0
98 3884 1 0
98 1859 1 0
98 3868 1 0
98 3325 1 0
98 2013 1 0
98 3650 1 0
98 1868 1 0
98 6062 1 0
98 5308 1 0
98 580 1 0
98 156 1 0
98 4724 1 0
98 1087 1 0
98 5999 1 0
98 2901 1 1
98 115 1 1
98 2206 1 1
98 1005 1 1
98 3187 1 1
99 539 1 0
99 5622 1 0
99 4618 1 0
99 5458 1 0
99 5995 1 0
99 5170 1 0
99 1286 1 0
99 2698 1 0
99 4584 1 0
99 4074 1 0
99 3879 1 0
99 24 1 0
99 4923 1 0
99 4703 1 0
99 1926 1 0
99 1443 1 0
99 4450 1 0
99 4567 1 0
99 208 1 0
99 4662 1 0
99 3092 1 0
99 4247 1 0
99 5266 1 0
99 5435 1 0
99 1407 1 0
99 655 1 1
99 4624 1 1
99 2279 1 1
99 1689 1 1
99 2729 1 1
99 2700 1 1
99 1580 1 2
99 2472 1 2
99 481 1 2
99 494 1 2
99 281 1 2
99 5997 1 2
99 1419 1 2
99 4880 1 2
99 2567 1 2
99 368 1 2
99 524 1 2
99 4816 1 2
99 2951 1 2
99 6069 1 2
99 2043 1 2
99 240 1 2
99 5276 1 2
99 1642 1 2
99 2854 1 2
99 4796 1 2
99 1099 1 2
99 3131 1 2
99 5620 1 2
99 5239 1 2
99 2089 1 2
99 80 1 2
99 1914 1 3
99 2123 1 3
99 1028 1 3
99 4447 1 3
99 6139 1 3
99 4919 1 3
99 2390 1 3
99 3147 1 3
99 2469 1 3
99 5283 1 3
99 2188 1 3
99 3311 1 3
99 1303 1 4
99 230 1 4
99 4458 1 4
99 71 1 4
99 5938 1 4
99 1725 1 4
99 1228 1 4
99 1467 1 4
100 839 1 0
100 2212 1 0
100 4353 1 0
100 1389 1 0
100 2602 1 0
100 5432 1 0
100 369 1 1
100 5789 1 1
100 5962 1 1
100 1333 1 1
100 5951 1 1
100 2791 1 1
100 5180 1 1
100 2637 1 1
100 1164 1 1
100 3081 1 1
100 1397 1 1
100 5268 1 1
100 5829 1 1
100 3240 1 1
100 2321 1 1
100 556 1 1
100 804 1 1
100 1737 1 1
100 4766 1 1
100 3432 1 1
100 3864 1 1
100 3918 1 1
100 4295 1 1
100 2424 1 1
101 4420 1 0
101 3505 1 0
101 1024 1 0
101 4866 1 0
101 3738 1 0
101 3019 1 0
101 1301 1 0
101 5799 1 1
101 5328 1 1
101 4435 1 1
101 3012 1 1
101 2798 1 1
102 364 1 0
102 5141 1 0
102 5864 1 0
102 2088 1 0
102 2465 1 0
102 4384 1 0
102 2984 1 0
102 1703 1 1
102 2969 1 1
102 3863 1 1
102 5891 1 1
102 2276 1 1
102 744 1 1
102 6098 1 1
102 5878 1 1
102 5414 1 1
102 4744 1 1
102 2400 1 1
102 457 1 1
102 3427 1 1
102 1963 1 1
102 2945 1 1
102 4974 1 1
103 1471 1 0
103 118 1 0
103 755 1 0
103 6059 1 0
103 5860 1 0
103 5650 1 1
103 5425 1 1
103 5439 1 1
103 3292 1 1
103 1181 1 1
104 1294 1 0
104 2208 1 0
104 4756 1 0
104 2038 1 0
104 5248 1 0
104 1582 1 0
104 397 1 0
104 4871 1 0
104 643 1 1
104 258 1 1
104 1660 1 1
104 1168 1 1
104 3033 1 1
104 3258 1 1
104 4011 1 2
104 5728 1 2
104 5216 1 2
104 2497 1 2
104 4785 1 2
104 725 1 2
104 2104 1 2
104 3375 1 2
104 3150 1 2
104 1055 1 2
104 4713 1 2
104 989 1 2
105 6143 1 0
105 2020 1 0
105 162 1 0
105 6134 1 0
105 5510 1 0
105 1684 1 1
105 3055 1 1
105 4419 1 1
105 2349 1 1
105 1701 1 1
105 1174 1 1
105 2431 1 1
105 4945 1 1
105 526 1 1
105 4359 1 1
105 4399 1 1
105 5394 1 1
106 1173 1 0
106 2801 1 0
106 5840 1 0
106 3893 1 0
106 5368 1 0
106 4805 1 1
106 4498 1 1
106 3068 1 1
106 3364 1 1
106 5485 1 1
106 2788 1 1
106 5430 1 1
106 1860 1 1
106 3346 1 1
106 3018 1 1
106 1879 1 1
106 1128 1 1
106 5417 1 1
106 1536 1 1
106 248 1 1
107 3182 1 0
107 3348 1 0
107 789 1 0
107 641 1 0
107 1080 1 0
107 4205 1 1
107 3538 1 1
107 3779 1 1
107 2063 1 1
107 2399 1 1
108 3796 1 0
108 5918 1 0
108 6032 1 0
108 4297 1 0
108 6024 1 0
108 483 1 0
108 4564 1 1
108 1659 1 1
108 1183 1 1
108 1119 1 1
108 3786 1 1
108 4271 1 1
108 4709 1 2
108 683 1 2
108 3585 1 2
108 4852 1 2
108 1867 1 2
108 1094 1 2
108 3090 1 2
108 2153 1 2
109 2066 1 0
109 5335 1 0
109 5224 1 0
109 5746 1 0
109 3914 1 0
109 1228 1 1
109 1036 1 1
109 284 1 1
109 61 1 1
109 5589 1 1
110 1511 1 0
110 3691 1 0
110 1894 1 0
110 2560 1 0
110 1996 1 0
110 4743 1 0
110 3919 1 0
110 5314 1 0
110 3647 1 0
110 2161 1 1
110 5847 1 1
110 3967 1 1
110 2973 1 1
110 2387 1 1
110 1525 1 2
110 1350 1 2
110 4745 1 2
110 3437 1 2
110 5024 1 2
110 4217 1 2
110 571 1 3
110 585 1 3
110 5873 1 3
110 36 1 3
110 30 1 3
110 6152 1 4
110 4660 1 4
110 3252 1 4
110 1685 1 4
110 4721 1 4
110 4813 1 4
110 5372 1 4
111 546 1 0
111 5859 1 0
111 205 1 0
111 5800 1 0
111 5674 1 0
111 862 1 0
111 3971 1 0
111 4117 1 0
111 708 1 1
111 2714 1 1
111 4203 1 1
111 5685 1 1
111 2482 1 1
111 1167 1 1
112 954 1 0
112 3699 1 0
112 2840 1 0
112 1069 1 0
112 5313 1 0
112 4570 1 0
112 2414 1 0
112 5154 1 1
112 1610 1 1
112 322 1 1
112 5274 1 1
112 6001 1 1
112 2069 1 1
112 5172 1 1
112 2498 1 1
112 1588 1 1
112 3394 1 1
112 4561 1 1
112 4895 1 1
112 4434 1 2
112 2068 1 2
112 2670 1 2
112 5684 1 2
112 1750 1 2
112 3712 1 2
112 2547 1 2
113 1492 1 0
113 4610 1 0
113 5400 1 0
113 454 1 0
113 124 1 0
113 3383 1 0
113 2934 1 1
113 23 1 1
113 3216 1 1
113 280 1 1
113 287 1 1
113 5272 1 1
113 4604 1 1
113 4291 1 1
114 3043 1 0
114 5998 1 0
114 5267 1 0
114 742 1 0
114 5733 1 0
114 1043 1 1
114 791 1 1
114 2331 1 1
114 3203 1 1
114 5345 1 1
114 1057 1 2
114 1765 1 2
114 4465 1 2
114 2148 1 2
114 3191 1 2
114 4697 1 2
114 4224 1 2
114 3220 1 2
114 3356 1 2
114 4152 1 2
114 5518 1 2
114 4169 1 2
114 1421 1 3
114 4739 1 3
114 3827 1 3
114 312 1 3
114 5991 1 3
114 5747 1 3
114 5568 1 4
114 3986 1 4
114 1247 1 4
114 1089 1 4
114 3865 1 4
114 3648 1 4
114 5976 1 4
114 5956 1 4
114 5657 1 4
114 5910 1 5
114 2172 1 5
114 5667 1 5
114 2630 1 5
114 6095 1 5
114 5735 1 5
114 3106 1 5
114 3546 1 5
114 5176 1 5
115 2247 1 0
115 1915 1 0
115 6135 1 0
115 3983 1 0
115 315 1 0
115 2419 1 0
115 4311 1 0
115 2450 1 0
115 5623 1 0
115 4685 1 0
115 5904 1 0
115 6068 1 0
115 1564 1 1
115 4704 1 1
115 2778 1 1
115 5539 1 1
115 3495 1 1
115 28 1 1
115 3592 1 1
115 2810 1 1
115 4273 1 1
116 4956 1 0
116 4898 1 0
116 5633 1 0
116 814 1 0
116 2254 1 0
116 952 1 0
116 3591 1 0
116 1590 1 0
116 3874 1 0
116 5101 1 0
116 3714 1 0
116 3598 1 0
116 2842 1 0
116 4170 1 0
116 3612 1 0
116 2745 1 0
116 516 1 0
116 3204 1 0
116 1702 1 0
116 3921 1 0
116 3133 1 0
116 2207 1 0
116 6118 1 0
116 808 1 0
116 4119 1 0
116 181 1 0
116 1637 1 0
116 1098 1 0
116 1503 1 0
116 1101 1 0
116 1864 1 0
116 2740 1 0
116 1790 1 0
116 74 1 0
116 2570 1 0
116 4782 1 0
116 1429 1 0
116 1357 1 0
116 2917 1 0
116 2954 1 0
116 42 1 0
116 5765 1 1
116 3184 1 1
116 3225 1 1
116 6019 1 1
116 2576 1 1
116 4566 1 1
116 3007 1 1
116 2084 1 1
116 1999 1 1
116 2768 1 1
116 4488 1 1
116 5469 1 1
116 656 1 1
116 1883 1 1
116 1897 1 1
116 4019 1 1
116 894 1 1
116 470 1 1
116 2226 1 1
116 3961 1 1
116 2916 1 1
116 2489 1 1
116 5585 1 1
116 4826 1 1
116 3854 1 1
116 1952 1 1
116 3556 1 1
116 430 1 1
116 436 1 1
116 2394 1 1
116 5982 1 1
116 1202 1 1
116 4211 1 1
116 2510 1 1
116 5488 1 2
116 2905 1 2
116 3625 1 2
116 2376 1 2
116 2627 1 2
116 5133 1 2
116 417 1 2
116 1623 1 2
116 3952 1 2
116 4371 1 2
116 1199 1 2
116 895 1 2
116 5056 1 2
116 4479 1 2
116 5886 1 2
116 4096 1 2
116 5742 1 2
116 3426 1 2
116 2824 1 2
116 816 1 2
116 3091 1 2
116 4876 1 2
116 3529 1 2
116 4234 1 2
116 1326 1 2
116 2426 1 2
116 3234 1 2
116 329 1 2
116 3247 1 2
116 5349 1 2
116 3250 1 2
116 4977 1 2
116 724 1 2
116 1980 1 2
116 2506 1 2
116 5210 1 2
116 5496 1 2
116 1146 1 2
116 5379 1 2
116 1358 1 2
116 2120 1 2
116 3638 1 3
116 32 1 3
116 750 1 3
116 4887 1 3
116 3065 1 3
116 404 1 3
116 2220 1 3
116 2493 1 3
116 969 1 3
116 5211 1 3
116 5912 1 3
116 2107 1 3
116 3307 1 3
116 5514 1 3
116 2738 1 3
116 64 1 3
116 3788 1 3
116 898 1 3
116 1717 1 3
116 5669 1 3
116 4382 1 3
116 3639 1 3
116 5849 1 3
116 4156 1 3
116 885 1 3
116 2032 1 3
116 19 1 3
116 5326 1 3
116 3235 1 3
116 1641 1 3
116 1496 1 3
116 5931 1 3
116 1355 1 3
116 2385 1 3
116 4931 1 3
116 3069 1 3
116 3713 1 3
116 1373 1 3
116 209 1 3
116 1414 1 3
116 4066 1 3
116 5292 1 3
116 800 1 3
116 4390 1 3
116 1433 1 3
116 2825 1 3
116 3498 1 3
116 3366 1 3
116 3601 1 3
116 1794 1 4
116 3957 1 4
116 3539 1 4
116 2157 1 4
116 2296 1 4
116 1198 1 4
116 817 1 4
116 2534 1 4
117 3124 1 0
117 3385 1 0
117 3904 1 0
117 5157 1 0
117 3869 1 0
117 2828 1 0
117 337 1 0
117 4718 1 0
117 1808 1 0
117 5447 1 0
117 1981 1 0
117 4508 1 0
117 2863 1 0
117 5905 1 0
117 5766 1 0
117 2373 1 1
117 1554 1 1
117 4368 1 1
117 5161 1 1
117 2279 1 1
117 1616 1 1
118 4891 1 0
118 2019 1 0
118 570 1 0
118 5282 1 0
118 1015 1 0
118 2301 1 0
118 345 1 0
118 4034 1 0
118 5486 1 0
118 170 1 0
118 4683 1 1
118 5989 1 1
118 938 1 1
118 2778 1 1
118 2572 1 1
118 1483 1 2
118 5628 1 2
118 3939 1 2
118 5653 1 2
118 5979 1 2
119 5731 1 0
119 1695 1 0
119 1955 1 0
119 2435 1 0
119 4007 1 0
119 5565 1 0
119 379 1 0
119 1154 1 1
119 5160 1 1
119 267 1 1
119 2793 1 1
119 2715 1 1
119 2827 1 1
119 5256 1 1
119 3972 1 1
119 352 1 1
119 6066 1 1
119 1958 1 1
119 5617 1 1
119 4083 1 1
119 689 1 1
119 6060 1 1
119 5584 1 1
119 1182 1 1
119 3085 1 1
119 105 1 1
119 2196 1 1
119 4391 1 1
119 3412 1 1
119 851 1 1
119 1290 1 1
119 2956 1 1
119 3747 1 1
119 5587 1 1
119 4355 1 1
119 175 1 1
119 3040 1 1
119 2266 1 1
119 1489 1 1
119 2961 1 1
119 1158 1 1
119 5954 1 2
119 2144 1 2
119 5104 1 2
119 5782 1 2
119 135 1 2
119 4267 1 2
119 3362 1 2
119 1210 1 2
119 2049 1 2
119 4544 1 2
120 5115 1 0
120 4300 1 0
120 3474 1 0
120 2033 1 0
120 807 1 0
120 3218 1 1
120 3611 1 1
120 3137 1 1
120 828 1 1
120 2114 1 1
120 2512 1 1
120 4134 1 1
120 4586 1 2
120 4232 1 2
120 4934 1 2
120 5269 1 2
120 1893 1 2
120 4398 1 2
120 3058 1 2
120 286 1 2
120 3299 1 2
120 2383 1 2
120 1644 1 2
120 4752 1 2
120 5969 1 2
120 661 1 2
120 3512 1 2
120 5762 1 2
120 4259 1 2
120 6027 1 2
120 1255 1 2
121 5003 1 0
121 4125 1 0
121 4079 1 0
121 2586 1 0
121 1589 1 0
121 2116 1 0
121 4549 1 0
121 3645 1 0
121 5968 1 1
121 2234 1 1
121 4186 1 1
121 4881 1 1
121 6107 1 1
122 4286 1 0
122 5617 1 0
122 271 1 0
122 3768 1 0
122 4261 1 0
122 3618 1 0
122 1912 1 0
122 2866 1 1
122 97 1 1
122 1231 1 1
122 5360 1 1
122 2699 1 1
123 2750 1 0
123 40 1 0
123 4503 1 0
123 5672 1 0
123 3005 1 0
123 1353 1 0
123 2609 1 0
123 2878 1 0
123 614 1 0
123 1863 1 0
123 3532 1 0
123 3666 1 0
123 2333 1 0
123 2451 1 1
123 439 1 1
123 753 1 1
123 5608 1 1
123 608 1 1
123 336 1 1
123 4387 1 1
123 3833 1 1
123 3749 1 1
123 5410 1 1
123 5919 1 1
123 3896 1 1
123 5758 1 2
123 591 1 2
123 610 1 2
123 3659 1 2
123 5402 1 2
123 5571 1 2
123 2967 1 2
123 939 1 2
123 4302 1 2
123 2909 1 2
124 1 1 0
124 3199 1 0
124 5397 1 0
124 1203 1 0
124 4665 1 0
124 3146 1 1
124 6070 1 1
124 1108 1 1
124 81 1 1
124 3964 1 1
124 909 1 1
124 490 1 1
125 983 1 0
125 4849 1 0
125 1410 1 0
125 2131 1 0
125 4521 1 0
125 584 1 1
125 3706 1 1
125 6023 1 1
125 5357 1 1
125 1555 1 1
125 3286 1 1
125 3627 1 1
125 932 1 1
125 5230 1 1
125 3470 1 1
125 5883 1 1
125 1223 1 1
125 5310 1 1
125 1245 1 1
125 5959 1 1
125 4328 1 1
125 1335 1 2
125 2919 1 2
125 5091 1 2
125 5050 1 2
125 1000 1 2
125 4712 1 2
125 5509 1 2
125 878 1 2
125 2966 1 2
125 2332 1 2
125 236 1 2
125 3066 1 2
125 6029 1 2
125 1464 1 2
125 4675 1 2
125 2631 1 2
126 2274 1 0
126 3594 1 0
126 852 1 0
126 5772 1 0
126 737 1 0
126 5820 1 0
126 2690 1 1
126 3275 1 1
126 2018 1 1
126 6010 1 1
126 1563 1 1
127 4039 1 0
127 193 1 0
127 5526 1 0
127 3161 1 0
127 4379 1 0
127 1954 1 0
127 915 1 0
127 1038 1 0
127 4623 1 0
127 5215 1 0
127 1253 1 0
127 1723 1 0
127 2520 1 1
127 2202 1 1
127 2818 1 1
127 4082 1 1
127 579 1 1
127 2298 1 1
128 2347 1 0
128 1890 1 0
128 3985 1 0
128 1112 1 0
128 4565 1 0
128 5583 1 0
128 3655 1 0
128 1949 1 0
128 261 1 1
128 970 1 1
128 1315 1 1
128 1551 1 1
128 5332 1 1
128 387 1 1
128 5113 1 1
128 3792 1 1
129 5367 1 0
129 1456 1 0
129 2918 1 0
129 1422 1 0
129 165 1 0
129 4764 1 0
129 5582 1 0
129 4428 1 1
129 4686 1 1
129 3701 1 1
129 1412 1 1
129 5324 1 1
129 4460 1 1
129 2504 1 1
130 3561 1 0
130 5694 1 0
130 1056 1 0
130 3924 1 0
130 5079 1 0
130 1049 1 1
130 4970 1 1
130 2433 1 1
130 3937 1 1
130 4957 1 1
130 342 1 1
130 3431 1 1
130 2587 1 1
130 2136 1 1
130 3527 1 1
130 2517 1 1
130 5179 1 1
130 1305 1 1
130 3176 1 1
130 400 1 1
130 246 1 1
130 5281 1 1
130 2024 1 1
130 2546 1 1
130 4099 1 1
130 3036 1 1
130 3801 1 1
130 1531 1 1
130 1308 1 1
130 70 1 2
130 2235 1 2
130 3384 1 2
130 4600 1 2
130 2000 1 2
130 2671 1 2
130 3820 1 2
130 1400 1 2
130 139 1 2
130 4916 1 2
130 5132 1 2
130 2150 1 2
130 2903 1 2
130 569 1 2
130 346 1 2
130 3173 1 2
130 2522 1 2
130 1241 1 2
130 472 1 2
130 3124 1 2
130 460 1 2
131 2999 1 0
131 91 1 0
131 1411 1 0
131 3804 1 0
131 5754 1 0
131 4664 1 0
131 2748 1 0
131 2941 1 0
131 3748 1 0
131 5154 1 0
131 52 1 0
131 5481 1 0
131 2454 1 0
131 2128 1 0
131 2987 1 0
131 2584 1 0
131 5710 1 0
131 4475 1 0
131 5004 1 0
131 3194 1 0
131 4444 1 1
131 1576 1 1
131 5263 1 1
131 1479 1 1
131 4669 1 1
131 1932 1 1
131 5825 1 1
131 2158 1 1
131 3087 1 1
131 4072 1 1
131 5470 1 1
131 5060 1 1
131 991 1 1
131 1771 1 1
131 1416 1 1
131 1127 1 1
131 572 1 1
131 4296 1 1
131 3402 1 1
131 6041 1 1
131 1368 1 1
131 4537 1 1
131 1885 1 1
131 5155 1 1
131 2635 1 1
131 5293 1 2
131 4477 1 2
131 587 1 2
131 770 1 2
131 4471 1 2
131 2817 1 2
131 3606 1 2
132 4107 1 0
132 3790 1 0
132 538 1 0
132 4185 1 0
132 173 1 0
132 4506 1 1
132 4131 1 1
132 146 1 1
132 5249 1 1
132 756 1 1
132 2110 1 1
132 2159 1 1
132 5612 1 2
132 1234 1 2
132 5656 1 2
132 1177 1 2
132 5355 1 2
132 4533 1 2
132 1054 1 2
132 221 1 2
132 4947 1 2
132 1086 1 2
133 4050 1 0
133 3412 1 0
133 5607 1 0
133 956 1 0
133 846 1 0
133 4817 1 0
133 767 1 1
133 3175 1 1
133 3831 1 1
133 1285 1 1
133 3370 1 1
133 2873 1 2
133 2392 1 2
133 1026 1 2
133 5378 1 2
133 226 1 2
133 2083 1 2
133 3517 1 2
133 1577 1 2
133 265 1 2
133 1728 1 2
134 3172 1 0
134 4927 1 0
134 5330 1 0
134 802 1 0
134 5204 1 0
134 629 1 0
134 1989 1 0
134 4062 1 0
134 1578 1 0
134 1245 1 0
134 1753 1 0
134 4336 1 0
134 37 1 0
134 3415 1 0
134 3751 1 0
134 3469 1 0
134 2608 1 0
134 4607 1 0
134 2976 1 1
134 4361 1 1
134 4101 1 1
134 4901 1 1
134 3798 1 1
134 107 1 2
134 1510 1 2
134 3457 1 2
134 5395 1 2
134 3974 1 2
134 1179 1 2
135 4794 1 0
135 4362 1 0
135 2310 1 0
135 6020 1 0
135 3644 1 0
135 3702 1 0
135 2581 1 0
135 5614 1 1
135 476 1 1
135 3452 1 1
135 5524 1 1
135 3764 1 1
135 5673 1 1
135 1457 1 1
135 4640 1 1
135 1192 1 1
135 250 1 1
135 5393 1 1
136 4754 1 0
136 3791 1 0
136 41 1 0
136 3762 1 0
136 937 1 0
136 3817 1 1
136 6047 1 1
136 5683 1 1
136 4958 1 1
136 3877 1 1
136 5540 1 1
136 2613 1 1
136 2802 1 1
136 382 1 1
136 5495 1 1
136 2342 1 1
136 5468 1 1
136 4393 1 1
136 4496 1 1
136 4162 1 1
136 2537 1 2
136 3959 1 2
136 471 1 2
136 2401 1 2
136 4963 1 2
136 5831 1 2
136 1605 1 2
136 2583 1 2
136 2395 1 2
136 384 1 2
136 3688 1 2
136 3001 1 2
136 552 1 2
136 3927 1 2
136 1074 1 2
136 2278 1 2
136 5629 1 2
136 178 1 2
136 1680 1 2
137 3267 1 0
137 2964 1 0
137 3158 1 0
137 2931 1 0
137 5323 1 0
137 5534 1 0
137 3847 1 0
137 3692 1 1
137 3256 1 1
137 1148 1 1
137 5932 1 1
137 1351 1 1
137 2843 1 1
137 1490 1 1
137 3707 1 1
138 6093 1 0
138 2071 1 0
138 4407 1 0
138 4016 1 0
138 3124 1 0
138 1798 1 0
138 5890 1 0
138 4330 1 0
138 5605 1 0
138 3587 1 0
138 5485 1 0
138 1477 1 0
138 161 1 0
138 1136 1 0
138 498 1 0
138 6151 1 0
138 1538 1 0
138 5908 1 0
138 4930 1 0
138 4775 1 1
138 3262 1 1
138 4679 1 1
138 2800 1 1
138 407 1 1
138 4774 1 1
138 1339 1 1
138 5059 1 1
138 1608 1 1
138 4101 1 1
138 2957 1 1
138 638 1 1
138 4394 1 1
138 2795 1 1
138 4790 1 1
138 2048 1 1
138 3805 1 1
138 2552 1 1
138 3973 1 1
138 2109 1 1
138 5521 1 1
138 5351 1 1
138 3415 1 1
138 3022 1 1
138 4952 1 1
138 4591 1 1
138 5776 1 2
138 5344 1 2
138 1539 1 2
138 1881 1 2
138 6073 1 2
138 1905 1 2
138 4050 1 2
138 1408 1 2
138 347 1 2
138 5692 1 2
138 5222 1 2
138 2169 1 2
138 2024 1 2
139 3177 1 0
139 6087 1 0
139 488 1 0
139 3677 1 0
139 453 1 0
139 2983 1 0
139 4526 1 1
139 4905 1 1
139 5778 1 1
139 1722 1 1
139 145 1 1
139 4023 1 1
139 3928 1 1
139 1233 1 2
139 277 1 2
139 534 1 2
139 1775 1 2
139 3586 1 2
139 3435 1 2
140 3409 1 0
140 5559 1 0
140 2650 1 0
140 930 1 0
140 5720 1 0
140 2277 1 0
140 5 1 0
140 2707 1 1
140 5610 1 1
140 6106 1 1
140 4258 1 1
140 607 1 1
140 2402 1 1
140 765 1 1
140 1171 1 1
140 274 1 1
140 4190 1 1
140 2653 1 1
140 1923 1 1
140 1546 1 1
140 4654 1 1
140 375 1 2
140 75 1 2
140 262 1 2
140 1920 1 2
140 4178 1 2
140 4266 1 2
140 49 1 3
140 4248 1 3
140 3102 1 3
140 3262 1 3
140 2203 1 3
140 1113 1 3
140 797 1 3
140 3723 1 3
140 2478 1 3
140 426 1 3
140 1921 1 3
140 3352 1 3
140 3360 1 3
140 103 1 3
140 3159 1 3
140 4780 1 3
140 4176 1 3
140 3915 1 3
140 4431 1 3
140 5383 1 4
140 2538 1 4
140 153 1 4
140 6125 1 4
140 4829 1 4
140 2460 1 4
140 2091 1 4
140 1773 1 4
141 5803 1 0
141 1310 1 0
141 1331 1 0
141 1693 1 0
141 3492 1 0
141 3708 1 0
141 5478 1 0
141 3261 1 1
141 1345 1 1
141 5967 1 1
141 1468 1 1
141 4005 1 1
142 3650 1 0
142 996 1 0
142 5816 1 0
142 5572 1 0
142 833 1 0
142 3720 1 0
142 1992 1 0
142 1484 1 0
142 461 1 1
142 452 1 1
142 463 1 1
142 4904 1 1
142 943 1 1
142 3984 1 1
142 3342 1 1
142 4502 1 1
142 1805 1 2
142 1269 1 2
142 1727 1 2
142 1208 1 2
142 3818 1 2
142 5022 1 2
142 5836 1 2
142 4515 1 2
142 4478 1 2
142 5334 1 2
142 3207 1 2
142 3567 1 2
142 5035 1 2
143 1527 1 0
143 4438 1 0
143 1615 1 0
143 2942 1 0
143 2453 1 0
143 2474 1 0
143 1016 1 0
143 3588 1 0
143 2767 1 0
143 6016 1 0
143 3019 1 0
143 1359 1 0
143 5422 1 0
143 3404 1 0
143 1197 1 0
143 1904 1 0
143 2564 1 0
143 5925 1 0
143 6089 1 0
143 1791 1 0
143 4268 1 0
143 418 1 0
143 4493 1 0
143 4824 1 0
143 3099 1 0
143 1432 1 0
143 4133 1 0
143 5792 1 0
143 3998 1 0
143 411 1 0
143 166 1 0
143 338 1 0
143 3397 1 0
143 3193 1 0
143 3359 1 0
143 5992 1 0
143 6129 1 0
143 3127 1 0
143 219 1 0
143 5240 1 0
143 232 1 0
143 3520 1 0
143 578 1 0
143 701 1 0
143 207 1 0
143 795 1 0
143 4468 1 0
143 5081 1 0
143 2336 1 1
143 4975 1 1
143 1430 1 1
143 5067 1 1
143 3808 1 1
143 1417 1 1
143 3213 1 1
143 2364 1 1
143 1277 1 1
143 5294 1 1
143 4280 1 1
143 3619 1 1
143 5265 1 1
143 3405 1 1
143 5195 1 1
143 1706 1 1
143 5328 1 1
143 371 1 1
143 6104 1 1
143 5566 1 1
143 5012 1 1
143 5830 1 1
143 2054 1 1
143 5295 1 1
143 4045 1 1
143 5569 1 1
143 58 1 1
143 2950 1 1
143 4527 1 2
143 264 1 2
143 1243 1 2
143 4356 1 2
143 2673 1 2
143 5381 1 2
143 2687 1 2
143 2182 1 2
143 5686 1 2
143 985 1 2
143 5201 1 2
143 1628 1 2
143 2871 1 2
143 1856 1 2
143 3241 1 2
143 5670 1 2
143 2404 1 2
143 1993 1 2
143 302 1 2
143 2482 1 2
143 266 1 2
143 3668 1 2
144 4044 1 0
144 5031 1 0
144 2900 1 0
144 4507 1 0
144 2334 1 0
144 1184 1 0
144 4348 1 0
144 2958 1 0
144 2189 1 1
144 3746 1 1
144 4893 1 1
144 2221 1 1
144 373 1 1
144 2868 1 1
144 5503 1 1
144 4696 1 1
144 2229 1 1
144 3442 1 1
144 109 1 1
144 4725 1 2
144 4338 1 2
144 4026 1 2
144 1889 1 2
144 933 1 2
144 2355 1 2
144 1803 1 2
144 5953 1 2
144 2929 1 3
144 3982 1 3
144 3522 1 3
144 3025 1 3
144 4499 1 3
144 1446 1 3
144 1498 1 3
144 1200 1 3
144 2309 1 3
144 502 1 3
144 4755 1 3
144 78 1 3
144 5609 1 3
144 2980 1 3
144 2335 1 3
144 630 1 3
144 4674 1 3
144 4582 1 3
144 910 1 3
144 447 1 3
144 4032 1 3
144 1437 1 3
144 5071 1 3
144 2712 1 3
144 612 1 3
145 2265 1 0
145 5208 1 0
145 1600 1 0
145 2921 1 0
145 2171 1 0
145 2769 1 1
145 2881 1 1
145 3322 1 1
145 3685 1 1
145 1205 1 1
145 1612 1 2
145 2789 1 2
145 252 1 2
145 717 1 2
145 204 1 2
145 5273 1 3
145 3477 1 3
145 2688 1 3
145 6153 1 3
145 3835 1 3
145 39 1 3
145 3368 1 3
145 5855 1 3
146 2318 1 0
146 1396 1 0
146 631 1 0
146 3826 1 0
146 2481 1 0
146 2739 1 0
146 434 1 1
146 1248 1 1
146 554 1 1
146 4141 1 1
146 1189 1 1
146 47 1 2
146 4130 1 2
146 707 1 2
146 1613 1 2
146 5482 1 2
147 5234 1 0
147 2970 1 0
147 3693 1 0
147 4373 1 0
147 5193 1 0
147 2183 1 1
147 2911 1 1
147 6111 1 1
147 2518 1 1
147 115 1 1
147 4536 1 1
147 5499 1 1
148 76 1 0
148 626 1 0
148 3016 1 0
148 2622 1 0
148 96 1 0
148 1827 1 0
148 3277 1 1
148 874 1 1
148 899 1 1
148 1759 1 1
148 2937 1 1
148 3037 1 1
149 5472 1 0
149 6131 1 0
149 500 1 0
149 2060 1 0
149 4941 1 0
149 1960 1 0
149 4834 1 0
149 4798 1 0
149 1632 1 0
149 1165 1 0
149 4191 1 0
149 305 1 0
149 4199 1 0
149 4080 1 0
149 2037 1 0
149 5716 1 1
149 4480 1 1
149 5289 1 1
149 2978 1 1
149 2515 1 1
149 2215 1 1
149 1151 1 1
149 1030 1 1
149 1493 1 1
149 3739 1 2
149 3534 1 2
149 2850 1 2
149 666 1 2
149 1455 1 2
149 2076 1 2
149 5535 1 2
149 776 1 2
149 5474 1 2
149 6003 1 2
149 4933 1 2
149 5146 1 2
149 4865 1 2
149 1708 1 2
149 4848 1 2
149 2087 1 2
149 3461 1 2
149 3676 1 2
149 1930 1 2
149 3509 1 2
149 3758 1 2
149 4746 1 2
149 4370 1 2
149 5489 1 2
149 1658 1 2
149 3667 1 2
149 2993 1 2
149 1022 1 2
149 486 1 2
149 2303 1 2
149 3733 1 2
149 1191 1 2
149 1817 1 2
149 3414 1 2
149 2887 1 2
149 2803 1 2
149 1698 1 2
149 3010 1 2
149 383 1 2
149 3463 1 2
149 5551 1 2
149 3646 1 2
149 4175 1 2
149 809 1 2
149 1111 1 2
149 542 1 3
149 423 1 3
149 2160 1 3
149 4960 1 3
149 1445 1 3
149 1812 1 3
149 3385 1 4
149 2530 1 4
149 4606 1 4
149 112 1 4
149 6040 1 4
149 2647 1 4
149 4148 1 4
149 5347 1 4
149 847 1 4
149 2959 1 4
149 2625 1 4
149 557 1 4
149 1524 1 4
149 1143 1 4
149 1441 1 4
149 4244 1 4
149 2744 1 4
149 2886 1 4
149 3208 1 4
149 5577 1 4
149 884 1 4
149 5405 1 4
149 5885 1 4
149 1617 1 4
149 4673 1 4
149 3882 1 4
149 5287 1 4
149 450 1 4
149 912 1 4
149 1665 1 4
149 4057 1 4
149 2851 1 4
149 5995 1 4
149 5068 1 4
149 5291 1 4
149 3597 1 4
149 5049 1 4
149 2968 1 4
149 2263 1 4
149 5961 1 4
149 2398 1 4
149 45 1 4
149 5675 1 4
149 5200 1 5
149 5624 1 5
149 1809 1 5
149 679 1 5
149 1968 1 5
149 2249 1 5
149 1027 1 5
149 3950 1 5
149 1097 1 5
149 3892 1 5
149 1323 1 6
149 3008 1 6
149 202 1 6
149 2179 1 6
149 3834 1 6
149 6007 1 6
149 1548 1 6
149 98 1 6
149 611 1 6
150 3510 1 0
150 2283 1 0
150 5558 1 0
150 4801 1 0
150 2889 1 0
150 4584 1 0
150 2403 1 0
150 3320 1 1
150 2144 1 1
150 175 1 1
150 99 1 1
150 4745 1 1
151 4854 1 0
151 1204 1 0
151 2118 1 0
151 4522 1 0
151 77 1 0
151 5839 1 1
151 155 1 1
151 3821 1 1
151 1693 1 1
151 2194 1 1
151 684 1 2
151 2786 1 2
151 2448 1 2
151 2096 1 2
151 2540 1 2
151 5616 1 2
152 4225 1 0
152 115 1 0
152 2291 1 0
152 3730 1 0
152 3469 1 0
152 4323 1 1
152 1557 1 1
152 4999 1 1
152 3242 1 1
152 5876 1 1
152 5437 1 1
152 2482 1 1
153 3871 1 0
153 2683 1 0
153 6071 1 0
153 4102 1 0
153 1447 1 0
153 1318 1 0
153 3524 1 1
153 5018 1 1
153 5693 1 1
153 947 1 1
153 3089 1 1
153 3571 1 1
153 4195 1 1
154 5051 1 0
154 3469 1 0
154 3460 1 0
154 3381 1 0
154 2216 1 0
154 1557 1 0
154 167 1 1
154 4994 1 1
154 1998 1 1
154 2536 1 1
154 2482 1 1
155 4847 1 0
155 2386 1 0
155 2996 1 0
155 3503 1 0
155 3053 1 0
155 2821 1 0
155 3689 1 0
155 2330 1 1
155 2273 1 1
155 5661 1 1
155 4135 1 1
155 751 1 1
155 3844 1 1
155 1947 1 1
155 5699 1 2
155 2708 1 2
155 60 1 2
155 5950 1 2
155 3310 1 2
155 1743 1 2
156 510 1 0
156 3386 1 0
156 5727 1 0
156 4002 1 0
156 5668 1 0
156 1383 1 0
156 2357 1 0
156 4158 1 0
156 642 1 0
156 3052 1 0
156 697 1 0
156 5490 1 0
156 2126 1 0
156 29 1 0
156 1774 1 0
156 3201 1 0
156 2623 1 0
156 1776 1 0
156 5121 1 1
156 468 1 1
156 2361 1 1
156 4911 1 1
156 4814 1 1
156 5285 1 1
156 3658 1 1
156 1788 1 1
156 5375 1 1
156 2528 1 1
156 1549 1 1
156 652 1 1
156 1321 1 1
156 1501 1 1
156 4843 1 1
156 1699 1 1
156 2262 1 1
156 13 1 1
156 5207 1 1
156 1565 1 1
156 3903 1 1
156 3681 1 1
156 737 1 1
156 3629 1 1
156 5801 1 1
156 6050 1 1
156 2438 1 1
156 359 1 1
156 1266 1 1
156 5242 1 1
156 132 1 1
156 4404 1 1
156 3562 1 1
157 2500 1 0
157 2892 1 0
157 3794 1 0
157 1139 1 0
157 5651 1 0
157 6101 1 0
157 545 1 0
157 3943 1 0
157 4484 1 0
157 2578 1 0
157 3999 1 0
157 1795 1 0
157 5842 1 0
157 4050 1 0
157 2018 1 0
157 1386 1 0
157 3490 1 1
157 2421 1 1
157 5299 1 1
157 2920 1 1
157 2847 1 1
158 128 1 0
158 3954 1 0
158 3093 1 0
158 1989 1 0
158 5578 1 0
158 1095 1 0
158 3881 1 1
158 1786 1 1
158 2677 1 1
158 3051 1 1
158 864 1 1
158 5796 1 1
158 4612 1 2
158 4452 1 2
158 238 1 2
158 3294 1 2
158 5788 1 2
158 5342 1 2
158 573 1 2
158 3183 1 2
158 2236 1 2
158 6145 1 2
158 4988 1 2
158 3416 1 2
159 6113 1 0
159 5123 1 0
159 1319 1 0
159 1931 1 0
159 5552 1 0
159 3861 1 1
159 3838 1 1
159 2356 1 1
159 6021 1 1
159 2284 1 1
159 3680 1 1
159 870 1 1
159 1843 1 1
160 1159 1 0
160 2190 1 0
160 4400 1 0
160 3542 1 0
160 5209 1 0
160 4828 1 0
160 5573 1 0
160 1390 1 0
160 5168 1 0
160 3883 1 0
160 2891 1 0
160 5001 1 0
160 4671 1 0
160 6121 1 0
160 5095 1 0
160 4769 1 0
160 3449 1 0
160 2041 1 0
160 5602 1 0
160 522 1 0
160 4634 1 0
160 4509 1 0
160 2106 1 0
160 2250 1 0
160 5424 1 0
160 4889 1 0
160 2926 1 0
160 5696 1 1
160 5707 1 1
160 676 1 1
160 3123 1 1
160 4719 1 1
160 5690 1 1
160 4230 1 1
160 1940 1 1
160 4514 1 1
160 3015 1 1
160 409 1 1
160 3466 1 1
160 2339 1 1
160 3168 1 1
160 2607 1 1
160 2672 1 2
160 5300 1 2
160 4411 1 2
160 5047 1 2
160 5258 1 2
160 5599 1 2
160 877 1 2
160 5069 1 3
160 3709 1 3
160 5621 1 3
160 875 1 3
160 3793 1 3
160 5586 1 3
160 2737 1 3
160 4576 1 3
160 3367 1 3
160 2781 1 3
160 1956 1 4
160 4341 1 4
160 255 1 4
160 3341 1 4
160 3118 1 4
160 151 1 4
160 1434 1 4
160 605 1 4
160 574 1 4
161 5054 1 0
161 441 1 0
161 374 1 0
161 311 1 0
161 576 1 0
161 759 1 0
161 235 1 1
161 2025 1 1
161 1257 1 1
161 1262 1 1
161 3802 1 1
161 5096 1 1
161 1342 1 1
161 5501 1 1
161 3878 1 1
161 5390 1 1
162 2612 1 0
162 1149 1 0
162 5013 1 0
162 467 1 0
162 6063 1 0
162 1514 1 0
162 3906 1 0
162 4633 1 0
162 26 1 0
162 4319 1 0
162 3608 1 0
162 443 1 0
162 3962 1 0
162 6037 1 0
162 5174 1 0
162 3259 1 1
162 4631 1 1
162 3766 1 1
162 3875 1 1
162 3206 1 1
162 3581 1 1
162 5779 1 1
162 1770 1 1
163 586 1 0
163 480 1 0
163 3574 1 0
163 2654 1 0
163 5851 1 0
163 5340 1 0
163 2371 1 0
163 3047 1 0
163 2499 1 0
163 2409 1 0
163 5376 1 0
163 1872 1 0
163 5008 1 1
163 4855 1 1
163 648 1 1
163 116 1 1
163 2697 1 1
163 5519 1 1
163 5553 1 1
163 3541 1 1
163 1635 1 1
163 1601 1 1
163 3504 1 1
163 1162 1 1
163 3268 1 1
163 1470 1 1
163 763 1 1
163 1935 1 1
163 464 1 1
163 1895 1 1
163 4441 1 1
163 3004 1 1
163 1402 1 1
163 2384 1 2
163 6115 1 2
163 860 1 2
163 5926 1 2
163 3257 1 2
163 5906 1 2
163 3094 1 2
163 5525 1 2
163 1558 1 2
163 4231 1 2
163 2187 1 2
163 2410 1 2
163 5911 1 2
163 4643 1 2
163 5955 1 2
163 4505 1 2
163 5831 1 2
163 728 1 2
163 1037 1 2
163 2319 1 2
163 5867 1 2
163 2257 1 2
163 4573 1 2
163 2468 1 2
163 3023 1 2
163 216 1 2
163 4406 1 2
163 1631 1 2
163 3670 1 2
163 2184 1 2
163 6155 1 3
163 2458 1 3
163 940 1 3
163 4139 1 3
163 291 1 3
163 990 1 3
163 1120 1 3
163 5380 1 3
163 3785 1 3
163 2009 1 3
163 3547 1 3
163 1392 1 3
163 3652 1 3
163 2855 1 3
163 2820 1 3
163 5130 1 3
163 1235 1 3
163 367 1 3
163 5891 1 3
163 6055 1 3
163 1852 1 3
163 1472 1 3
163 5688 1 3
163 5124 1 4
163 2467 1 4
163 1420 1 4
163 2935 1 4
163 4132 1 4
163 1085 1 4
163 6086 1 4
163 4729 1 4
163 2525 1 4
163 5231 1 4
164 5974 1 0
164 3073 1 0
164 5190 1 0
164 3393 1 0
164 4684 1 0
164 2840 1 0
164 1899 1 0
164 1423 1 0
164 888 1 0
164 3843 1 0
164 2930 1 0
164 5775 1 0
164 120 1 0
164 4174 1 0
164 5304 1 0
164 3167 1 0
164 2178 1 1
164 575 1 1
164 2302 1 1
164 5099 1 1
164 4987 1 1
164 2244 1 1
164 2197 1 1
164 4738 1 2
164 5169 1 2
164 3718 1 2
164 3061 1 2
164 3314 1 2
164 2378 1 2
165 547 1 0
165 3899 1 0
165 1166 1 0
165 773 1 0
165 5358 1 0
165 3153 1 0
165 620 1 0
165 1453 1 0
165 4750 1 1
165 459 1 1
165 5593 1 1
165 2047 1 1
165 2663 1 1
165 2320 1 1
165 857 1 2
165 5564 1 2
165 2539 1 2
165 353 1 2
165 215 1 2
165 4698 1 2
165 150 1 2
166 5353 1 0
166 1003 1 0
166 2974 1 0
166 5010 1 0
166 690 1 0
166 394 1 1
166 4270 1 1
166 3530 1 1
166 2807 1 1
166 2015 1 1
167 3038 1 0
167 4906 1 0
167 3979 1 0
167 6084 1 0
167 3940 1 0
167 4309 1 1
167 6046 1 1
167 3608 1 1
167 1595 1 1
167 5721 1 1
167 2269 1 1
167 1681 1 1
167 5958 1 1
167 858 1 1
167 5254 1 1
167 5319 1 1
167 1697 1 1
167 4983 1 1
167 4374 1 1
167 1583 1 1
167 3907 1 1
167 4113 1 1
167 5554 1 1
167 292 1 1
167 3316 1 1
167 3840 1 1
167 2482 1 1
168 718 1 0
168 2080 1 0
168 5114 1 0
168 5104 1 0
168 4270 1 0
168 5562 1 0
168 1261 1 0
168 2022 1 0
168 889 1 0
168 1367 1 1
168 5014 1 1
168 5681 1 1
168 2952 1 1
168 4481 1 1
168 1209 1 1
168 2423 1 2
168 5290 1 2
168 4294 1 2
168 1806 1 2
168 440 1 2
168 2195 1 2
168 3144 1 2
168 3190 1 2
168 4269 1 2
168 4070 1 2
168 386 1 2
168 4482 1 2
168 5444 1 2
169 1207 1 0
169 1953 1 0
169 2095 1 0
169 3372 1 0
169 1780 1 0
169 4396 1 0
169 4980 1 1
169 2679 1 1
169 1272 1 1
169 49 1 1
169 4830 1 1
169 3125 1 1
170 3640 1 0
170 911 1 0
170 2476 1 0
170 4929 1 0
170 194 1 0
170 27 1 0
170 1340 1 1
170 100 1 1
170 4842 1 1
170 2573 1 1
170 1630 1 1
170 2940 1 1
171 3178 1 0
171 455 1 0
171 4350 1 0
171 3898 1 0
171 4425 1 0
171 871 1 0
171 5625 1 0
171 3922 1 0
171 4090 1 1
171 5797 1 1
171 4859 1 1
171 231 1 1
171 5025 1 1
171 3361 1 1
172 5386 1 0
172 474 1 0
172 4220 1 0
172 4253 1 0
172 5151 1 0
172 2397 1 1
172 179 1 1
172 604 1 1
172 396 1 1
172 637 1 1
172 5140 1 1
172 6009 1 1
172 639 1 1
172 2135 1 1
172 2661 1 2
172 4437 1 2
172 1924 1 2
172 295 1 2
172 3161 1 2
172 544 1 2
172 2960 1 2
172 549 1 2
172 3269 1 2
172 6018 1 2
172 1306 1 2
173 834 1 0
173 2924 1 0
173 4667 1 0
173 4352 1 0
173 727 1 0
173 3282 1 0
173 4831 1 0
173 1114 1 0
173 3115 1 1
173 2638 1 1
173 2841 1 1
173 5484 1 1
173 3564 1 1
174 1270 1 0
174 351 1 0
174 3662 1 0
174 2856 1 0
174 2123 1 0
174 5036 1 1
174 950 1 1
174 4445 1 1
174 790 1 1
174 2834 1 1
174 5163 1 1
174 1935 1 1
174 2299 1 1
174 5662 1 1
174 3783 1 1
174 1944 1 1
174 4229 1 1
174 601 1 1
174 1943 1 1
174 94 1 1
174 499 1 1
174 442 1 1
174 2163 1 2
174 3303 1 2
174 3132 1 2
174 4193 1 2
174 3888 1 2
174 772 1 2
174 892 1 2
174 3034 1 3
174 3543 1 3
174 3683 1 3
174 1169 1 3
174 144 1 3
174 3050 1 3
174 3948 1 3
174 2651 1 3
174 2579 1 3
174 1848 1 4
174 4414 1 4
174 2477 1 4
174 2326 1 4
174 2024 1 4
174 5546 1 4
174 3819 1 5
174 2562 1 5
174 2194 1 5
174 3920 1 5
174 1227 1 5
174 812 1 5
174 3141 1 5
174 1739 1 5
174 3956 1 5
174 5943 1 5
174 5529 1 6
174 6122 1 6
174 5615 1 6
174 4601 1 6
174 741 1 6
174 1256 1 6
174 167 1 6
174 2323 1 6
174 4290 1 6
174 4364 1 6
174 5333 1 6
174 4808 1 6
174 4966 1 6
174 458 1 6
174 2295 1 6
174 4899 1 6
175 4870 1 0
175 4000 1 0
175 593 1 0
175 3636 1 0
175 3396 1 0
175 1731 1 1
175 5705 1 1
175 484 1 1
175 4538 1 1
175 3121 1 1
175 4346 1 1
175 6012 1 1
175 600 1 2
175 2340 1 2
175 2314 1 2
175 5892 1 2
175 4922 1 2
176 2456 1 0
176 272 1 0
176 6144 1 0
176 4825 1 0
176 4693 1 0
176 2045 1 0
176 5985 1 0
176 1509 1 0
176 5550 1 0
176 2119 1 1
176 2345 1 1
176 2040 1 1
176 1757 1 1
176 3540 1 1
176 5250 1 1
176 2718 1 1
176 33 1 1
176 2896 1 1
176 1090 1 1
176 5348 1 2
176 4208 1 2
176 3641 1 2
176 4237 1 2
176 3966 1 2
176 5901 1 2
176 825 1 2
176 4017 1 2
176 1752 1 2
176 3990 1 2
176 4571 1 2
176 6117 1 3
176 5232 1 3
176 5528 1 3
176 3502 1 3
176 5965 1 3
176 5983 1 3
176 5973 1 3
176 3287 1 3
177 4875 1 0
177 2441 1 0
177 2925 1 0
177 1967 1 0
177 5076 1 0
177 3223 1 0
177 3823 1 0
177 3288 1 0
177 4954 1 0
177 1884 1 0
177 3179 1 0
177 4283 1 1
177 2051 1 1
177 6137 1 1
177 3991 1 1
177 4551 1 1
177 1818 1 1
177 3309 1 1
177 4086 1 1
177 1307 1 1
177 3721 1 2
177 1140 1 2
177 1766 1 2
177 592 1 2
177 5856 1 2
177 3142 1 2
177 4429 1 2
177 2545 1 3
177 632 1 3
177 3926 1 3
177 5784 1 3
177 5939 1 3
177 4092 1 3
177 5086 1 3
177 2944 1 3
177 4293 1 4
177 3977 1 4
177 2214 1 4
177 44 1 4
177 2108 1 4
177 2122 1 4
177 2380 1 4
177 1188 1 4
177 3301 1 4
177 4952 1 4
177 3806 1 4
177 3889 1 4
177 362 1 4
178 4112 1 0
178 5708 1 0
178 6130 1 0
178 278 1 0
178 3326 1 0
178 4308 1 0
178 4305 1 0
178 821 1 0
178 1718 1 0
178 3210 1 0
178 5598 1 0
178 4358 1 0
178 3226 1 0
178 3654 1 0
178 4236 1 0
178 2919 1 0
178 4103 1 0
178 3211 1 0
178 4376 1 0
178 1724 1 0
178 3369 1 0
178 1571 1 0
178 1714 1 0
178 256 1 0
178 3017 1 0
178 3419 1 1
178 3304 1 1
178 1314 1 1
178 3358 1 1
178 4523 1 1
178 4723 1 1
178 429 1 2
178 757 1 2
178 2660 1 2
178 6123 1 2
178 2344 1 2
178 2124 1 3
178 4155 1 3
178 4144 1 3
178 1633 1 3
178 1751 1 3
179 2689 1 0
179 1655 1 0
179 4638 1 0
179 5730 1 0
179 5140 1 0
179 4491 1 0
179 761 1 0
179 4745 1 0
179 647 1 0
179 861 1 0
179 2658 1 1
179 2081 1 1
179 5270 1 1
179 6132 1 1
179 4030 1 1
179 2544 1 1
179 4322 1 1
179 466 1 1
179 3457 1 1
179 2075 1 1
179 1366 1 2
179 4188 1 2
179 3891 1 2
179 3489 1 2
179 6119 1 2
179 711 1 2
179 3096 1 2
179 1229 1 2
179 650 1 2
179 1462 1 2
179 4110 1 2
180 5960 1 0
180 2166 1 0
180 2057 1 0
180 4061 1 0
180 6124 1 0
180 4741 1 0
180 134 1 0
180 3822 1 0
180 6082 1 0
180 4187 1 1
180 948 1 1
180 1928 1 1
180 5371 1 1
180 4299 1 1
180 4630 1 1
180 4840 1 2
180 1634 1 2
180 4457 1 2
180 4215 1 2
180 4500 1 2
180 2253 1 2
182 4672 1 0
182 1181 1 0
182 5760 1 0
182 1175 1 0
182 1216 1 0
182 2674 1 0
182 515 1 0
182 225 1 1
182 3318 1 1
182 1435 1 1
182 2580 1 1
182 4680 1 1
181 4657 1 0
181 682 1 0
181 930 1 0
181 672 1 0
181 2258 1 0
181 505 1 0
181 4993 1 0
181 1782 1 0
181 744 1 1
181 3224 1 1
181 95 1 1
181 1068 1 1
181 5445 1 1
181 5391 1 1
181 4807 1 1
181 740 1 1
181 2857 1 1
181 5798 1 1
181 3848 1 1
184 2240 1 0
184 4882 1 0
184 297 1 0
184 3443 1 0
184 4148 1 0
184 1552 1 0
184 4735 1 0
184 5643 1 0
184 2039 1 0
184 876 1 0
184 1388 1 0
184 4997 1 0
184 662 1 0
184 2050 1 0
184 3519 1 0
184 4776 1 0
184 3032 1 0
184 810 1 0
184 2146 1 1
184 1327 1 1
184 5451 1 1
184 665 1 1
184 180 1 1
183 4250 1 0
183 5178 1 0
183 6097 1 0
183 1214 1 0
183 4192 1 0
183 5027 1 0
183 3298 1 0
183 2230 1 0
183 2239 1 0
183 2777 1 1
183 2776 1 1
183 4345 1 1
183 5138 1 1
183 949 1 1
183 3079 1 1
183 5994 1 2
183 5413 1 2
183 5987 1 2
183 5639 1 2
183 6051 1 2
183 719 1 2
183 2725 1 2
183 3481 1 2
183 5219 1 2
183 2858 1 2
183 3002 1 2
183 69 1 2
183 1730 1 2
183 3295 1 2
183 819 1 2
183 2176 1 2
185 2252 1 0
185 3120 1 0
185 4819 1 0
185 5491 1 0
185 3593 1 0
185 364 1 0
185 46 1 0
185 4948 1 1
185 977 1 1
185 3493 1 1
185 774 1 1
185 3096 1 1
185 3445 1 1
185 2407 1 1
186 1720 1 0
186 5118 1 0
186 5917 1 0
186 1846 1 0
186 283 1 0
186 2686 1 0
186 3446 1 0
186 1004 1 1
186 4501 1 1
186 1729 1 1
186 4173 1 1
186 1322 1 1
186 4486 1 1
186 1831 1 1
186 855 1 1
186 5635 1 1
186 3251 1 1
186 1990 1 1
186 260 1 1
186 843 1 1
186 4992 1 1
186 3056 1 1
186 5880 1 1
186 4990 1 1
186 3825 1 1
186 3653 1 1
186 1686 1 1
186 4403 1 1
186 1186 1 1
186 5152 1 1
186 6108 1 1
186 2260 1 1
186 254 1 1
186 1502 1 1
186 4851 1 1
186 6039 1 1
186 6100 1 1
186 4320 1 1
186 385 1 1
186 1834 1 1
186 2813 1 1
186 5188 1 1
186 2098 1 1
186 3932 1 1
186 5740 1 1
186 5750 1 1
186 1762 1 1
186 2985 1 1
186 4476 1 1
186 5033 1 1
186 1648 1 1
186 1971 1 1
186 5275 1 1
186 2034 1 1
186 4907 1 1
186 4517 1 1
186 2601 1 1
186 4519 1 1
186 4689 1 1
186 1249 1 1
186 1638 1 1
186 5895 1 1
186 5120 1 1
186 735 1 1
186 469 1 1
186 5125 1 1
186 1268 1 1
186 3630 1 1
186 5080 1 1
186 2130 1 1
186 2859 1 1
186 5889 1 1
186 5869 1 1
186 2946 1 1
186 2710 1 1
186 6074 1 1
186 4753 1 1
186 5039 1 1
186 4120 1 1
186 5877 1 1
186 2222 1 1
186 768 1 1
186 1110 1 1
186 4938 1 1
186 4151 1 1
186 1602 1 1
186 694 1 1
186 5363 1 1
186 5942 1 1
186 3770 1 1
186 1850 1 1
186 6056 1 1
186 92 1 1
186 4171 1 1
186 4423 1 1
186 2724 1 1
186 2375 1 1
186 1779 1 1
186 2294 1 1
186 3838 1 1
186 5744 1 1
186 4385 1 1
186 4182 1 1
186 2796 1 1
186 3373 1 1
186 160 1 1
186 2531 1 1
186 2760 1 1
186 4378 1 1
186 3059 1 1
186 5963 1 1
186 2535 1 1
186 2541 1 1
186 6083 1 1
186 4160 1 1
186 3279 1 1
186 5277 1 1
186 3340 1 1
186 3109 1 1
186 5452 1 1
186 1865 1 1
186 3604 1 1
186 3350 1 1
186 1299 1 1
186 4701 1 1
186 5515 1 1
186 2988 1 1
186 5088 1 1
186 901 1 1
186 348 1 1
186 5780 1 1
186 2420 1 1
186 4836 1 1
186 4440 1 1
186 4547 1 1
186 3513 1 1
186 482 1 1
186 112 1 1
186 380 1 1
186 3157 1 1
186 5978 1 1
186 2248 1 1
186 4557 1 1
186 2780 1 1
186 3083 1 1
186 5414 1 1
186 2388 1 1
186 317 1 1
186 4369 1 1
186 3388 1 1
186 631 1 1
186 51 1 1
186 1093 1 1
186 2762 1 1
186 4483 1 1
186 1109 1 1
186 3285 1 1
186 1700 1 1
186 1626 1 1
186 5922 1 1
186 4548 1 1
186 3852 1 1
186 2880 1 1
186 1819 1 1
186 4998 1 1
186 259 1 1
186 588 1 1
186 5019 1 1
186 3042 1 1
186 1505 1 1
186 1910 1 1
186 5327 1 1
186 2315 1 1
186 4466 1 1
186 594 1 1
186 2742 1 1
186 5590 1 1
186 3516 1 1
186 1754 1 1
186 5040 1 1
186 3041 1 1
186 102 1 1
186 5153 1 1
186 6065 1 1
186 213 1 1
186 3562 1 1
186 658 1 1
186 4561 1 1
186 3464 1 1
186 2568 1 1
186 438 1 2
186 2099 1 2
186 4822 1 2
186 360 1 2
186 176 1 2
186 3841 1 2
186 4063 1 2
186 5427 1 2
186 1898 1 2
186 2351 1 2
186 3603 1 2
186 5377 1 2
186 5434 1 2
186 1733 1 2
186 3787 1 2
186 147 1 2
186 5547 1 2
186 1211 1 2
186 5618 1 2
186 3736 1 2
186 5964 1 2
186 752 1 2
186 309 1 2
186 1591 1 2
186 5228 1 2
186 485 1 2
186 6112 1 2
186 4803 1 2
186 2979 1 2
186 1530 1 2
186 1825 1 2
186 2348 1 2
186 3755 1 2
186 1748 1 2
186 2665 1 2
186 2191 1 2
186 6038 1 2
186 299 1 2
186 2341 1 2
186 508 1 2
186 1263 1 2
186 5284 1 2
186 5845 1 2
186 185 1 2
186 1478 1 2
186 6140 1 2
186 577 1 2
186 6116 1 2
186 5134 1 2
186 2758 1 2
186 5507 1 2
186 5107 1 2
186 330 1 2
186 1734 1 2
186 2316 1 2
186 334 1 2
186 1908 1 3
186 2151 1 3
186 3799 1 3
186 1604 1 3
186 5737 1 3
186 1813 1 3
186 1155 1 3
186 2370 1 3
186 1442 1 3
186 5150 1 4
186 5821 1 4
186 1064 1 4
186 5769 1 4
186 43 1 4
186 5084 1 4
186 551 1 4
186 2734 1 4
187 1062 1 0
187 881 1 0
187 1614 1 0
187 349 1 0
187 3576 1 0
187 5356 1 0
187 3894 1 0
187 2280 1 1
187 3107 1 1
187 1871 1 1
187 4314 1 1
187 4979 1 1
187 1494 1 1
187 5773 1 1
187 5907 1 1
187 1224 1 1
187 2906 1 1
187 3994 1 2
187 1374 1 2
187 2418 1 2
187 4874 1 2
187 4605 1 2
187 1061 1 2
187 1611 1 2
187 599 1 2
187 2642 1 3
187 1844 1 3
187 319 1 3
187 2899 1 3
187 3859 1 3
187 6060 1 3
187 5137 1 3
187 5077 1 3
187 4306 1 3
187 372 1 3
187 1584 1 3
187 2064 1 3
187 5682 1 3
188 5369 1 0
188 2408 1 0
188 493 1 0
188 1135 1 0
188 5466 1 0
188 4773 1 0
188 4121 1 0
188 5838 1 0
188 5567 1 0
188 203 1 1
188 1332 1 1
188 1289 1 1
188 2995 1 1
188 2816 1 1
188 4327 1 1
188 823 1 1
188 2615 1 1
188 6099 1 1
188 3403 1 1
188 1646 1 1
189 5732 1 0
189 2471 1 0
189 4504 1 0
189 5802 1 0
189 941 1 0
189 2861 1 0
189 5061 1 0
189 3391 1 0
189 3029 1 0
189 1039 1 1
189 4344 1 1
189 3475 1 1
189 4695 1 1
189 2982 1 1
189 623 1 2
189 1354 1 2
189 2814 1 2
189 1134 1 2
189 11 1 2
189 616 1 2
189 2545 1 3
189 4137 1 3
189 5897 1 3
189 3293 1 3
189 5852 1 3
189 79 1 3
189 5485 1 3
189 4455 1 3
189 4054 1 3
189 5465 1 3
189 994 1 3
190 3537 1 0
190 2874 1 0
190 5652 1 0
190 1774 1 0
190 4592 1 0
190 5052 1 0
190 4846 1 0
190 5198 1 0
190 3628 1 0
190 2741 1 0
190 3155 1 0
190 93 1 0
190 2721 1 0
190 2592 1 0
190 2664 1 0
190 966 1 0
190 4888 1 0
190 1983 1 0
190 867 1 0
190 3685 1 0
190 4613 1 0
190 275 1 0
190 5111 1 0
190 4556 1 0
190 973 1 0
190 2759 1 0
190 4598 1 0
190 2129 1 1
190 2743 1 1
190 5102 1 1
190 5401 1 1
190 1006 1 1
191 437 1 0
191 2485 1 0
191 101 1 0
191 2377 1 0
191 4321 1 0
191 328 1 1
191 6036 1 1
191 1797 1 1
191 492 1 1
191 1050 1 1
191 1133 1 1
191 2830 1 1
192 224 1 0
192 879 1 0
192 1394 1 0
192 4942 1 0
192 3669 1 0
192 2599 1 1
192 5487 1 1
192 4736 1 1
192 5773 1 1
192 5632 1 1
192 873 1 1
193 6014 1 0
193 633 1 0
193 5854 1 0
193 2797 1 0
193 5808 1 0
193 659 1 0
193 6053 1 0
193 5028 1 0
193 2488 1 0
193 674 1 0
193 5645 1 0
193 324 1 1
193 4024 1 1
193 746 1 1
193 2459 1 1
193 2241 1 1
193 2 1 1
193 4421 1 1
194 1474 1 0
194 2713 1 0
194 5513 1 0
194 3161 1 0
194 1581 1 0
194 1105 1 0
194 1839 1 0
194 2400 1 1
194 5214 1 1
194 2902 1 1
194 2368 1 1
194 4832 1 1
195 2927 1 0
195 3290 1 0
195 4109 1 0
195 1506 1 0
195 3263 1 0
195 5767 1 0
195 3548 1 1
195 1440 1 1
195 410 1 1
195 1887 1 1
195 4648 1 1
195 5063 1 2
195 1719 1 2
195 5476 1 2
195 528 1 2
195 667 1 2
195 1072 1 2
195 4166 1 2
195 914 1 3
195 198 1 3
195 5837 1 3
195 981 1 3
195 3613 1 3
195 4971 1 3
195 5392 1 3
195 1018 1 3
195 1568 1 4
195 5297 1 4
195 10 1 4
195 3809 1 4
195 1939 1 4
195 1066 1 4
195 1874 1 4
195 3845 1 5
195 1226 1 5
195 511 1 5
195 1343 1 5
195 1160 1 5
195 3549 1 6
195 1792 1 6
195 593 1 6
195 1482 1 6
195 597 1 6
195 3469 1 7
195 3815 1 7
195 1749 1 7
195 201 1 7
195 3795 1 7
195 5245 1 7
195 4323 1 7
195 1557 1 7
195 4878 1 7
195 279 1 7
196 1851 1 0
196 2666 1 0
196 428 1 0
196 4154 1 0
196 3180 1 0
196 5874 1 1
196 2936 1 1
196 6054 1 1
196 4200 1 1
196 4180 1 1
196 2264 1 1
196 5421 1 1
197 5021 1 0
197 4783 1 0
197 3221 1 0
197 2297 1 0
197 832 1 0
197 5112 1 0
197 65 1 0
197 6034 1 0
197 5654 1 0
197 2443 1 1
197 6076 1 1
197 303 1 1
197 4334 1 1
197 1508 1 1
197 398 1 1
197 3128 1 1
197 6044 1 2
197 1862 1 2
197 4900 1 2
197 1650 1 2
197 2152 1 2
197 5173 1 3
197 2452 1 3
197 4147 1 3
197 6064 1 3
197 195 1 3
198 4651 1 0
198 5560 1 0
198 1438 1 0
198 1010 1 0
198 1384 1 0
198 1166 1 0
198 4043 1 0
198 1063 1 0
198 5189 1 1
198 1746 1 1
198 826 1 1
198 3357 1 1
198 4241 1 1
198 3011 1 1
198 425 1 1
198 4360 1 1
198 1767 1 1
198 5312 1 1
198 3847 1 1
198 739 1 1
198 2028 1 1
198 3284 1 1
198 3600 1 1
198 2947 1 1
198 361 1 2
198 2645 1 2
198 4687 1 2
198 953 1 2
198 5321 1 2
198 391 1 2
198 1346 1 2
199 108 1 0
199 3105 1 0
199 4386 1 0
199 4795 1 0
199 4405 1 0
199 2589 1 1
199 3363 1 1
199 125 1 1
199 5743 1 1
199 5497 1 1
199 331 1 1
199 169 1 1
199 1450 1 1
199 3024 1 2
199 4962 1 2
199 1876 1 2
199 4451 1 2
199 5594 1 2
199 4357 1 2
199 1265 1 2
199 1067 1 2
200 3349 1 0
200 1304 1 0
200 4594 1 0
200 2243 1 0
200 2799 1 0
200 4140 1 0
200 1372 1 0
200 4560 1 0
200 924 1 0
200 2849 1 0
200 184 1 0
200 845 1 0
200 1687 1 0
200 4837 1 0
200 3705 1 0
200 1760 1 0
200 613 1 0
200 5409 1 0
200 1222 1 0
200 837 1 0
200 113 1 0
200 3108 1 0
200 3642 1 1
200 5223 1 1
200 1516 1 1
200 5399 1 1
200 3462 1 1
200 893 1 1
200 6110 1 1
200 2835 1 1
200 416 1 1
200 1869 1 1
200 1837 1 1
200 3339 1 1
200 1961 1 1
200 163 1 2
200 2227 1 2
200 5454 1 2
200 5940 1 2
200 5251 1 2
200 5416 1 2
200 89 1 2
200 1534 1 2
200 3230 1 2
200 1145 1 2
200 1942 1 2
200 5301 1 2
200 5596 1 2
200 1556 1 2
200 4589 1 2
200 887 1 2
200 3197 1 2
200 4279 1 2
200 3554 1 2
200 4943 1 2
200 1816 1 2
200 3045 1 2
201 1260 1 0
201 5031 1 0
201 3167 1 0
201 501 1 0
201 5271 1 0
201 5884 1 1
201 2794 1 1
201 5440 1 1
201 4588 1 1
201 3261 1 1
201 3219 1 1
201 5455 1 1
201 961 1 1
201 5280 1 1
201 563 1 1
202 4108 1 0
202 2904 1 0
202 157 1 0
202 3018 1 0
202 1560 1 0
202 2198 1 0
202 4540 1 1
202 4138 1 1
202 686 1 1
202 4652 1 1
202 6147 1 1
202 5045 1 2
202 2484 1 2
202 5881 1 2
202 4949 1 2
202 2981 1 2
203 5806 1 0
203 2035 1 0
203 1988 1 0
203 3704 1 0
203 1933 1 0
203 4310 1 0
203 1829 1 0
203 1328 1 0
203 2716 1 0
203 6156 1 1
203 778 1 1
203 5336 1 1
203 6075 1 1
203 4903 1 1
203 3013 1 1
204 2811 1 0
204 313 1 0
204 5498 1 0
204 4077 1 0
204 3873 1 0
204 562 1 0
204 1324 1 0
204 3456 1 0
204 4041 1 0
204 869 1 0
204 4347 1 0
204 3621 1 0
204 5364 1 0
204 3925 1 0
204 3728 1 0
204 2389 1 0
204 5899 1 0
204 1857 1 0
204 4206 1 0
204 3843 1 0
204 2465 1 0
204 1772 1 0
204 3335 1 0
204 4708 1 1
204 3400 1 1
204 3308 1 1
204 1735 1 1
204 2648 1 1
204 497 1 1
204 4906 1 2
204 4747 1 2
204 2633 1 2
204 4301 1 2
204 2415 1 2
204 4324 1 2
204 1694 1 2
204 4944 1 2
204 1521 1 2
204 1959 1 2
205 3935 1 0
205 3674 1 0
205 5303 1 0
205 5530 1 0
205 4839 1 0
205 3289 1 0
205 5815 1 0
205 388 1 0
205 3415 1 1
205 5677 1 1
205 5344 1 1
205 5246 1 1
205 5846 1 1
205 5555 1 1
205 4621 1 2
205 1345 1 2
205 2556 1 2
205 390 1 2
205 2115 1 2
205 4877 1 2
205 4767 1 2
205 4050 1 2
