0 2203 1 0
0 3406 1 0
0 3372 1 0
0 1293 1 0
0 19 1 0
0 3260 1 1
0 4708 1 1
0 1240 1 1
0 1433 1 1
0 3646 1 1
0 2247 1 1
0 3017 1 1
0 3391 1 1
0 1481 1 1
0 2685 1 1
0 3547 1 1
0 4701 1 1
0 2008 1 1
0 2565 1 1
0 4316 1 1
0 320 1 2
0 1129 1 2
0 3223 1 2
0 383 1 2
0 2246 1 2
0 2331 1 2
0 4513 1 2
0 2290 1 2
0 219 1 2
0 1182 1 2
0 3991 1 2
0 103 1 2
0 1823 1 2
0 2228 1 2
0 1737 1 2
0 914 1 2
0 657 1 2
0 3457 1 2
0 2728 1 2
0 3420 1 2
0 2395 1 2
1 1155 1 0
1 2511 1 0
1 4490 1 0
1 3950 1 0
1 3339 1 0
1 1156 1 0
1 4314 1 0
1 1471 1 0
1 3696 1 0
1 1261 1 0
1 1362 1 0
1 2980 1 0
1 673 1 0
1 2330 1 1
1 2362 1 1
1 1502 1 1
1 2530 1 1
1 1114 1 1
1 833 1 1
1 4066 1 1
1 2330 1 2
1 2362 1 2
1 1502 1 2
1 2530 1 2
1 1114 1 2
1 833 1 2
1 4066 1 2
1 2168 1 3
1 1242 1 3
1 1649 1 3
1 558 1 3
1 945 1 3
1 1558 1 3
1 618 1 3
1 4279 1 3
1 2168 1 4
1 1242 1 4
1 1649 1 4
1 558 1 4
1 945 1 4
1 1558 1 4
1 618 1 4
1 4279 1 4
2 4553 1 0
2 4149 1 0
2 1719 1 0
2 2144 1 0
2 430 1 0
2 3024 1 0
2 4671 1 0
2 1833 1 0
2 4577 1 1
2 932 1 1
2 1480 1 1
2 895 1 1
2 4445 1 1
2 1493 1 1
2 826 1 1
2 3562 1 2
2 1373 1 2
2 585 1 2
2 1391 1 2
2 3453 1 2
2 1359 1 2
2 3607 1 2
3 4770 1 0
3 648 1 0
3 203 1 0
3 4109 1 0
3 3013 1 0
3 2583 1 1
3 3081 1 1
3 2463 1 1
3 3457 1 1
3 109 1 1
3 1124 1 1
3 2951 1 1
4 1596 1 0
4 4616 1 0
4 2366 1 0
4 2074 1 0
4 2374 1 0
4 2566 1 0
4 1596 1 1
4 4616 1 1
4 2366 1 1
4 2074 1 1
4 2374 1 1
4 2566 1 1
5 3164 1 0
5 4406 1 0
5 1643 1 0
5 4062 1 0
5 1508 1 0
5 4774 1 0
5 1986 1 0
5 1726 1 0
5 4464 1 1
5 639 1 1
5 4126 1 1
5 295 1 1
5 718 1 1
5 461 1 1
5 846 1 1
5 1213 1 1
5 4726 1 1
5 3101 1 1
5 2553 1 1
5 3825 1 1
5 3964 1 1
5 449 1 1
5 2832 1 1
5 3905 1 1
5 1745 1 1
5 3167 1 1
5 3328 1 1
5 885 1 1
5 2844 1 1
5 166 1 1
5 4010 1 1
5 3515 1 1
5 2205 1 1
5 1257 1 1
5 3527 1 1
5 3705 1 1
5 2281 1 1
5 435 1 1
5 3511 1 1
5 4179 1 1
5 903 1 1
5 4568 1 1
5 1950 1 1
5 526 1 1
5 658 1 1
5 2666 1 1
5 3455 1 1
5 2703 1 1
5 4542 1 1
5 835 1 1
5 405 1 1
5 1451 1 1
5 428 1 1
5 2552 1 1
5 4063 1 1
5 1185 1 1
5 1117 1 1
5 1048 1 1
5 594 1 1
5 3506 1 1
5 666 1 1
5 1306 1 1
5 3657 1 1
5 2524 1 1
5 1016 1 1
5 2782 1 1
5 4334 1 1
5 88 1 1
5 3767 1 1
5 3484 1 1
5 3730 1 1
5 1414 1 1
5 1710 1 1
5 2509 1 1
5 2159 1 2
5 3284 1 2
5 2989 1 2
5 1164 1 2
5 389 1 2
5 1628 1 3
5 204 1 3
5 861 1 3
5 1975 1 3
5 1184 1 3
5 3789 1 4
5 2101 1 4
5 982 1 4
5 4460 1 4
5 4206 1 4
5 2789 1 4
5 3615 1 5
5 2735 1 5
5 3727 1 5
5 1397 1 5
5 4105 1 5
5 949 1 5
5 2619 1 5
5 1200 1 5
5 735 1 5
5 3226 1 6
5 2181 1 6
5 238 1 6
5 1446 1 6
5 126 1 6
5 561 1 6
5 3697 1 6
5 3619 1 6
6 3587 1 0
6 883 1 0
6 1458 1 0
6 2239 1 0
6 2251 1 0
6 2503 1 0
6 1012 1 1
6 4228 1 1
6 244 1 1
6 118 1 1
6 3256 1 1
6 1789 1 1
6 1060 1 1
7 2123 1 0
7 1893 1 0
7 3618 1 0
7 4254 1 0
7 458 1 0
7 2907 1 0
7 4335 1 0
7 1955 1 0
7 3449 1 0
7 3370 1 0
7 347 1 0
7 815 1 0
7 3898 1 1
7 3753 1 1
7 3114 1 1
7 4778 1 1
7 1178 1 1
7 364 1 1
7 3765 1 1
7 2009 1 2
7 567 1 2
7 3631 1 2
7 4192 1 2
7 547 1 2
7 866 1 2
7 2009 1 3
7 567 1 3
7 3631 1 3
7 4192 1 3
7 547 1 3
7 866 1 3
8 1172 1 0
8 1492 1 0
8 4376 1 0
8 2244 1 0
8 2497 1 0
8 327 1 1
8 3336 1 1
8 4681 1 1
8 4786 1 1
8 59 1 1
8 806 1 1
8 3706 1 1
8 925 1 1
8 1136 1 1
8 2890 1 1
8 1842 1 1
8 154 1 1
8 2420 1 1
8 4408 1 1
8 2057 1 1
8 4602 1 1
8 3538 1 1
9 1978 1 0
9 1665 1 0
9 1530 1 0
9 2314 1 0
9 209 1 0
9 3796 1 0
9 4731 1 1
9 2653 1 1
9 2403 1 1
9 2434 1 1
9 1256 1 1
9 1887 1 1
9 0 1 1
9 2580 1 1
10 1865 1 0
10 3797 1 0
10 3471 1 0
10 4480 1 0
10 2972 1 0
10 646 1 1
10 1754 1 1
10 4741 1 1
10 819 1 1
10 2964 1 1
10 818 1 1
10 1830 1 1
11 1297 1 0
11 1438 1 0
11 4353 1 0
11 3042 1 0
11 3466 1 0
11 173 1 1
11 1001 1 1
11 4277 1 1
11 4554 1 1
11 493 1 1
11 1583 1 1
11 1560 1 1
11 2071 1 1
11 2494 1 1
11 833 1 1
11 728 1 1
11 1807 1 1
11 4475 1 1
11 2737 1 1
11 1116 1 1
11 1642 1 1
11 2958 1 1
11 827 1 1
11 3334 1 2
11 4611 1 2
11 2866 1 2
11 1272 1 2
11 2496 1 2
11 4288 1 2
11 3373 1 2
11 2807 1 2
11 3673 1 2
12 3912 1 0
12 3977 1 0
12 3894 1 0
12 1159 1 0
12 304 1 0
12 3953 1 0
12 3353 1 0
12 4176 1 1
12 1349 1 1
12 4779 1 1
12 3461 1 1
12 2669 1 1
12 241 1 1
12 2694 1 1
12 4593 1 1
12 746 1 1
13 4086 1 0
13 1068 1 0
13 1032 1 0
13 3807 1 0
13 699 1 0
13 622 1 0
13 1610 1 0
13 2186 1 0
13 4086 1 1
13 1068 1 1
13 1032 1 1
13 3807 1 1
13 699 1 1
13 622 1 1
13 1610 1 1
13 2186 1 1
14 305 1 0
14 573 1 0
14 1725 1 0
14 420 1 0
14 7 1 0
14 4231 1 1
14 1195 1 1
14 550 1 1
14 1635 1 1
14 73 1 1
14 358 1 1
14 208 1 1
14 3831 1 1
14 4059 1 1
15 1092 1 0
15 2143 1 0
15 2299 1 0
15 1399 1 0
15 693 1 0
15 206 1 0
15 2828 1 0
15 1898 1 0
15 28 1 0
15 4260 1 0
15 724 1 0
15 1092 1 1
15 2143 1 1
15 2299 1 1
15 1399 1 1
15 693 1 1
15 206 1 1
15 2828 1 1
15 1898 1 1
15 28 1 1
15 4260 1 1
15 724 1 1
15 1074 1 2
15 4235 1 2
15 1098 1 2
15 68 1 2
15 1552 1 2
16 1786 1 0
16 307 1 0
16 4537 1 0
16 3941 1 0
16 1553 1 0
16 3735 1 0
16 533 1 1
16 906 1 1
16 2131 1 1
16 127 1 1
16 3508 1 1
16 1392 1 1
16 3232 1 1
16 3147 1 1
16 455 1 1
16 22 1 1
17 2569 1 0
17 2965 1 0
17 3918 1 0
17 1802 1 0
17 3965 1 0
17 4511 1 1
17 3434 1 1
17 2486 1 1
17 3515 1 1
17 4398 1 1
17 4151 1 1
17 49 1 1
17 2834 1 1
17 2554 1 1
17 3936 1 1
17 501 1 1
17 942 1 1
17 2757 1 1
17 36 1 1
17 2754 1 1
17 451 1 1
17 416 1 1
17 1133 1 1
17 2194 1 1
18 1536 1 0
18 2391 1 0
18 2906 1 0
18 4219 1 0
18 1487 1 0
18 3649 1 0
18 1973 1 0
18 4288 1 0
18 4391 1 0
18 3518 1 0
18 4771 1 0
18 1542 1 0
18 163 1 0
18 3083 1 0
18 180 1 0
18 871 1 0
18 2649 1 0
18 2357 1 0
18 1536 1 1
18 2391 1 1
18 2906 1 1
18 4219 1 1
18 1487 1 1
18 3649 1 1
18 1973 1 1
18 4288 1 1
18 4391 1 1
18 3518 1 1
18 4771 1 1
18 1542 1 1
18 163 1 1
18 3083 1 1
18 180 1 1
18 871 1 1
18 2649 1 1
18 2357 1 1
19 4250 1 0
19 2195 1 0
19 1049 1 0
19 1381 1 0
19 2476 1 0
19 3263 1 1
19 1201 1 1
19 3595 1 1
19 587 1 1
19 562 1 1
19 1765 1 1
19 4318 1 1
19 1851 1 1
19 3716 1 1
19 902 1 1
19 1554 1 1
20 4710 1 0
20 1153 1 0
20 1269 1 0
20 1762 1 0
20 918 1 0
20 3366 1 0
20 4710 1 1
20 1153 1 1
20 1269 1 1
20 1762 1 1
20 918 1 1
20 3366 1 1
20 3196 1 2
20 2164 1 2
20 4011 1 2
20 2520 1 2
20 2318 1 2
20 2635 1 2
20 3465 1 2
20 3482 1 2
20 4232 1 2
20 302 1 2
20 1441 1 3
20 3347 1 3
20 4724 1 3
20 4605 1 3
20 4574 1 3
20 3503 1 3
20 436 1 3
20 1584 1 4
20 391 1 4
20 211 1 4
20 1368 1 4
20 512 1 4
20 4499 1 4
20 465 1 4
20 4504 1 4
20 817 1 4
20 685 1 4
20 4588 1 4
20 4789 1 4
20 2548 1 4
20 4630 1 4
20 1580 1 4
20 371 1 4
20 3245 1 4
20 896 1 4
20 1948 1 4
20 3542 1 4
20 2661 1 5
20 2896 1 5
20 3162 1 5
20 2075 1 5
20 820 1 5
20 2233 1 6
20 1119 1 6
20 3079 1 6
20 3065 1 6
20 3380 1 6
20 3302 1 6
20 530 1 6
20 4609 1 6
20 1862 1 6
20 26 1 6
20 4572 1 6
20 3337 1 6
20 1243 1 6
20 1796 1 6
20 4655 1 6
20 2184 1 6
20 2403 1 6
20 3004 1 6
20 4653 1 6
20 2366 1 6
20 3023 1 6
20 4434 1 6
20 1093 1 6
20 4686 1 7
20 864 1 7
20 2718 1 7
20 776 1 7
20 4178 1 7
20 504 1 7
20 81 1 7
20 1432 1 7
20 2047 1 7
20 2699 1 7
21 1362 1 0
21 2824 1 0
21 956 1 0
21 3940 1 0
21 3486 1 0
21 10 1 0
21 2731 1 1
21 736 1 1
21 4749 1 1
21 4338 1 1
21 1360 1 1
21 4298 1 1
21 104 1 1
21 3410 1 1
21 2926 1 1
21 4378 1 1
21 3513 1 1
21 936 1 1
22 4446 1 0
22 2248 1 0
22 801 1 0
22 3990 1 0
22 3032 1 0
22 3294 1 1
22 3999 1 1
22 1515 1 1
22 1773 1 1
22 3165 1 1
22 2404 1 1
22 1813 1 1
23 511 1 0
23 1647 1 0
23 4451 1 0
23 579 1 0
23 2061 1 0
23 3986 1 0
23 511 1 1
23 1647 1 1
23 4451 1 1
23 579 1 1
23 2061 1 1
23 3986 1 1
24 1983 1 0
24 439 1 0
24 2138 1 0
24 907 1 0
24 1638 1 0
24 3099 1 0
24 2440 1 0
24 2774 1 0
24 4294 1 0
24 117 1 0
24 2894 1 0
24 2234 1 0
24 1983 1 1
24 439 1 1
24 2138 1 1
24 907 1 1
24 1638 1 1
24 3099 1 1
24 2440 1 1
24 2774 1 1
24 4294 1 1
24 117 1 1
24 2894 1 1
24 2234 1 1
24 2555 1 2
24 4108 1 2
24 2816 1 2
24 4364 1 2
24 2287 1 2
24 4022 1 2
24 325 1 2
24 560 1 2
24 1504 1 3
24 2651 1 3
24 2600 1 3
24 3459 1 3
24 4297 1 3
24 1123 1 3
24 4528 1 3
25 2620 1 0
25 1711 1 0
25 4103 1 0
25 1816 1 0
25 3698 1 0
25 414 1 0
25 2423 1 1
25 1808 1 1
25 3942 1 1
25 2855 1 1
25 842 1 1
25 3139 1 1
25 4067 1 1
25 5 1 1
25 2518 1 1
25 3464 1 2
25 4374 1 2
25 2444 1 2
25 4426 1 2
25 3476 1 2
25 1218 1 2
25 2458 1 2
25 1949 1 2
25 3205 1 2
25 2317 1 2
25 4224 1 2
25 2636 1 2
25 3726 1 2
26 4041 1 0
26 1265 1 0
26 603 1 0
26 2176 1 0
26 259 1 0
26 753 1 1
26 2119 1 1
26 509 1 1
26 1565 1 1
26 2390 1 1
26 753 1 2
26 2119 1 2
26 509 1 2
26 1565 1 2
26 2390 1 2
27 2001 1 0
27 2449 1 0
27 2966 1 0
27 3895 1 0
27 2979 1 0
27 2001 1 1
27 2449 1 1
27 2966 1 1
27 3895 1 1
27 2979 1 1
28 1909 1 0
28 3603 1 0
28 708 1 0
28 2556 1 0
28 91 1 0
28 2051 1 0
28 2226 1 0
28 2282 1 0
28 1498 1 0
28 2358 1 0
28 3080 1 0
28 2133 1 0
28 3419 1 0
28 460 1 0
28 2487 1 0
28 2498 1 0
28 2451 1 0
28 256 1 0
28 4253 1 0
28 2180 1 0
28 337 1 0
28 3589 1 0
28 4237 1 0
28 2810 1 0
28 601 1 0
28 143 1 0
28 1488 1 0
28 2413 1 0
28 3351 1 0
28 3883 1 0
28 1655 1 0
28 2568 1 0
28 3978 1 0
28 1388 1 0
28 2054 1 0
28 2848 1 0
28 1775 1 0
28 2341 1 0
28 3198 1 0
28 2347 1 0
28 2783 1 0
28 3638 1 0
28 3454 1 0
28 2692 1 0
28 4266 1 0
28 3828 1 0
28 1840 1 0
28 1718 1 0
28 3544 1 0
28 3920 1 0
28 3298 1 0
28 1244 1 0
28 4301 1 0
28 1228 1 0
28 2806 1 0
28 981 1 0
28 825 1 0
28 1760 1 0
28 2845 1 0
28 1079 1 0
28 1022 1 0
28 3505 1 0
28 4139 1 0
28 4373 1 0
28 576 1 0
28 3254 1 0
28 1896 1 0
28 2775 1 0
28 3250 1 0
28 3911 1 0
28 2850 1 0
28 85 1 0
28 2421 1 0
28 1526 1 0
28 1069 1 0
28 1108 1 0
28 1056 1 0
28 1131 1 0
28 2129 1 0
28 499 1 0
28 2637 1 0
28 2485 1 0
28 2811 1 0
28 3519 1 0
28 794 1 0
28 3338 1 0
28 2427 1 0
28 749 1 0
28 3806 1 0
28 1756 1 0
28 4081 1 0
28 510 1 0
28 1063 1 0
28 311 1 0
28 617 1 0
28 943 1 0
28 1932 1 0
28 2065 1 0
28 334 1 0
28 1459 1 0
28 3133 1 0
28 3913 1 1
28 1800 1 1
28 3246 1 1
28 591 1 1
28 908 1 1
28 1315 1 1
28 4285 1 1
28 3585 1 1
28 960 1 1
28 614 1 1
28 2076 1 1
28 1120 1 1
28 3117 1 1
28 1112 1 1
28 873 1 1
28 1550 1 1
28 886 1 1
28 1952 1 1
28 2435 1 1
28 2851 1 1
28 2028 1 1
28 4562 1 1
28 4154 1 1
28 2079 1 1
28 4752 1 1
28 2166 1 1
28 100 1 1
28 317 1 1
28 1371 1 1
28 2808 1 1
28 3479 1 1
28 3826 1 1
28 2012 1 1
28 1043 1 1
28 485 1 1
28 2835 1 1
28 2995 1 1
28 4129 1 1
29 2870 1 0
29 4623 1 0
29 3976 1 0
29 145 1 0
29 2322 1 0
29 1621 1 0
29 4747 1 1
29 71 1 1
29 656 1 1
29 3881 1 1
29 4143 1 1
30 2152 1 0
30 245 1 0
30 2610 1 0
30 1062 1 0
30 4097 1 0
30 1656 1 0
30 1423 1 0
30 1486 1 1
30 393 1 1
30 3560 1 1
30 3317 1 1
30 3290 1 1
30 1568 1 1
30 4399 1 1
30 4261 1 1
30 686 1 1
30 788 1 1
30 4057 1 1
30 1225 1 1
30 661 1 1
31 3061 1 0
31 3134 1 0
31 3166 1 0
31 2641 1 0
31 2215 1 0
31 3778 1 0
31 1106 1 0
31 1146 1 0
31 3790 1 0
31 3658 1 0
31 3837 1 0
31 2042 1 0
31 223 1 0
31 502 1 1
31 4447 1 1
31 4064 1 1
31 282 1 1
31 2364 1 1
31 2588 1 2
31 2627 1 2
31 3583 1 2
31 668 1 2
31 1134 1 2
31 4185 1 2
31 2488 1 2
31 3771 1 2
31 262 1 2
31 12 1 2
31 60 1 2
31 1931 1 2
31 2365 1 2
31 2112 1 2
31 2588 1 3
31 2627 1 3
31 3583 1 3
31 668 1 3
31 1134 1 3
31 4185 1 3
31 2488 1 3
31 3771 1 3
31 262 1 3
31 12 1 3
31 60 1 3
31 1931 1 3
31 2365 1 3
31 2112 1 3
32 467 1 0
32 4657 1 0
32 1058 1 0
32 1652 1 0
32 2127 1 0
32 2472 1 0
32 2407 1 0
32 65 1 0
32 1466 1 0
32 676 1 1
32 4137 1 1
32 1624 1 1
32 862 1 1
32 349 1 1
32 2927 1 1
32 2992 1 1
32 3266 1 1
32 2595 1 1
32 2007 1 1
32 453 1 2
32 762 1 2
32 2759 1 2
32 4145 1 2
32 2515 1 2
32 4276 1 2
32 2928 1 2
32 1274 1 2
32 162 1 2
32 4212 1 2
32 3524 1 2
32 3742 1 2
32 3392 1 2
32 4694 1 2
32 2642 1 2
32 3894 1 2
32 1438 1 2
32 4314 1 2
32 380 1 2
32 1618 1 2
32 3641 1 2
32 4760 1 2
32 1944 1 2
32 3237 1 2
32 1252 1 2
32 3329 1 2
32 1237 1 2
32 2895 1 2
32 1837 1 2
32 3818 1 2
32 3620 1 2
32 1597 1 2
32 1343 1 2
32 3678 1 2
32 4494 1 2
32 508 1 2
32 3858 1 2
32 1511 1 2
32 4648 1 2
32 1961 1 2
32 1442 1 2
32 2512 1 2
32 3048 1 2
32 27 1 2
32 4517 1 2
32 4394 1 2
32 3435 1 2
32 942 1 2
32 1437 1 2
32 3012 1 2
32 2100 1 2
32 2941 1 2
32 4456 1 2
32 45 1 2
32 4768 1 2
32 1922 1 2
32 2307 1 2
32 1342 1 2
32 3955 1 2
32 236 1 2
32 689 1 2
32 3306 1 2
32 1059 1 2
32 1717 1 2
32 344 1 2
32 3846 1 2
32 581 1 2
32 1806 1 2
32 4306 1 2
32 897 1 2
32 3551 1 2
32 4323 1 2
32 1224 1 2
32 604 1 2
32 99 1 2
32 1469 1 2
32 3280 1 2
32 4061 1 3
32 1121 1 3
32 1609 1 3
32 1083 1 3
32 4114 1 3
32 3836 1 3
32 963 1 3
32 2363 1 3
32 3843 1 3
32 920 1 3
32 642 1 3
32 2677 1 3
32 2013 1 3
32 396 1 3
32 3867 1 3
32 2161 1 3
32 2418 1 3
32 1457 1 3
32 1689 1 3
32 2230 1 3
32 2430 1 3
32 4531 1 3
32 335 1 3
32 858 1 3
32 4435 1 3
32 3917 1 3
32 3451 1 3
32 3173 1 3
32 2899 1 3
32 2982 1 3
32 20 1 3
32 3700 1 3
32 3854 1 4
32 293 1 4
32 2206 1 4
32 3081 1 4
32 4592 1 4
32 1222 1 4
32 426 1 4
32 4658 1 4
32 777 1 4
32 1161 1 4
32 2 1 4
32 1776 1 4
33 1981 1 0
33 2921 1 0
33 1596 1 0
33 1111 1 0
33 1000 1 0
33 739 1 0
33 1385 1 0
33 2024 1 0
33 3196 1 0
33 3307 1 0
33 1189 1 0
33 2578 1 0
33 1689 1 0
33 1091 1 0
33 4098 1 0
33 1051 1 0
33 402 1 0
33 140 1 0
33 1981 1 1
33 2921 1 1
33 1596 1 1
33 1111 1 1
33 1000 1 1
33 739 1 1
33 1385 1 1
33 2024 1 1
33 3196 1 1
33 3307 1 1
33 1189 1 1
33 2578 1 1
33 1689 1 1
33 1091 1 1
33 4098 1 1
33 1051 1 1
33 402 1 1
33 140 1 1
34 375 1 0
34 2270 1 0
34 2371 1 0
34 1259 1 0
34 98 1 0
34 172 1 0
34 1145 1 0
34 3559 1 0
34 3596 1 0
34 774 1 0
34 4659 1 0
34 3755 1 0
34 4382 1 0
34 4591 1 0
34 483 1 0
34 3077 1 0
34 4211 1 0
34 2980 1 0
34 2959 1 0
34 2968 1 0
34 711 1 0
34 548 1 0
34 1258 1 0
34 395 1 0
34 3801 1 0
34 375 1 1
34 2270 1 1
34 2371 1 1
34 1259 1 1
34 98 1 1
34 172 1 1
34 1145 1 1
34 3559 1 1
34 3596 1 1
34 774 1 1
34 4659 1 1
34 3755 1 1
34 4382 1 1
34 4591 1 1
34 483 1 1
34 3077 1 1
34 4211 1 1
34 2980 1 1
34 2959 1 1
34 2968 1 1
34 711 1 1
34 548 1 1
34 1258 1 1
34 395 1 1
34 3801 1 1
35 1699 1 0
35 4457 1 0
35 3621 1 0
35 531 1 0
35 3286 1 0
35 2252 1 0
35 4439 1 0
35 690 1 0
35 2237 1 0
35 2165 1 0
35 3196 1 0
35 3925 1 0
35 1878 1 0
35 1924 1 0
35 1447 1 1
35 343 1 1
35 2847 1 1
35 3238 1 1
35 4006 1 1
35 3202 1 2
35 309 1 2
35 2772 1 2
35 2564 1 2
35 4540 1 2
35 781 1 2
36 410 1 0
36 214 1 0
36 4757 1 0
36 3149 1 0
36 2854 1 0
36 3943 1 0
36 4733 1 1
36 4401 1 1
36 3272 1 1
36 1676 1 1
36 737 1 1
36 4438 1 1
36 2147 1 1
36 438 1 2
36 2179 1 2
36 3247 1 2
36 2650 1 2
36 4586 1 2
36 4515 1 2
36 980 1 2
37 1843 1 0
37 2557 1 0
37 1990 1 0
37 3186 1 0
37 401 1 0
37 4613 1 1
37 3531 1 1
37 4458 1 1
37 2758 1 1
37 4143 1 1
37 861 1 1
38 4113 1 0
38 4350 1 0
38 2924 1 0
38 156 1 0
38 2519 1 0
38 2241 1 0
38 14 1 0
38 1055 1 1
38 1323 1 1
38 2014 1 1
38 1598 1 1
38 4416 1 1
38 2980 1 1
38 3699 1 1
38 4098 1 1
38 2467 1 1
38 3972 1 1
38 4664 1 1
39 675 1 0
39 226 1 0
39 3152 1 0
39 292 1 0
39 3243 1 0
39 675 1 1
39 226 1 1
39 3152 1 1
39 292 1 1
39 3243 1 1
40 3153 1 0
40 3600 1 0
40 40 1 0
40 2099 1 0
40 2765 1 0
40 814 1 0
40 2827 1 0
40 4347 1 0
40 303 1 0
40 1482 1 1
40 2083 1 1
40 2624 1 1
40 1409 1 1
40 3304 1 1
41 3768 1 0
41 3240 1 0
41 2606 1 0
41 123 1 0
41 2821 1 0
41 1899 1 0
41 382 1 1
41 4693 1 1
41 3214 1 1
41 3616 1 1
41 1386 1 1
41 3432 1 1
41 1824 1 1
41 3401 1 2
41 631 1 2
41 4413 1 2
41 4590 1 2
41 4290 1 2
41 2345 1 2
42 2581 1 0
42 1203 1 0
42 1815 1 0
42 3103 1 0
42 1897 1 0
42 2581 1 1
42 1203 1 1
42 1815 1 1
42 3103 1 1
42 1897 1 1
42 2581 1 2
42 1203 1 2
42 1815 1 2
42 3103 1 2
42 1897 1 2
42 2581 1 3
42 1203 1 3
42 1815 1 3
42 3103 1 3
42 1897 1 3
42 1335 1 4
42 3168 1 4
42 406 1 4
42 4027 1 4
42 183 1 4
42 1279 1 4
43 2670 1 0
43 3795 1 0
43 3520 1 0
43 1014 1 0
43 3783 1 0
43 3066 1 0
43 2670 1 1
43 3795 1 1
43 3520 1 1
43 1014 1 1
43 3783 1 1
43 3066 1 1
44 2543 1 0
44 313 1 0
44 1539 1 0
44 1070 1 0
44 4738 1 0
44 2019 1 0
44 3207 1 0
44 4278 1 0
44 845 1 1
44 1086 1 1
44 4193 1 1
44 1226 1 1
44 4245 1 1
44 3081 1 1
45 135 1 0
45 2351 1 0
45 1562 1 0
45 3104 1 0
45 1882 1 0
45 1640 1 0
45 4230 1 0
45 4444 1 0
45 2625 1 0
45 2516 1 1
45 990 1 1
45 245 1 1
45 1077 1 1
45 1532 1 1
45 9 1 1
45 3273 1 1
45 2296 1 1
45 808 1 1
45 313 1 1
45 2169 1 1
45 3874 1 1
45 2674 1 1
45 4505 1 1
45 2516 1 2
45 990 1 2
45 245 1 2
45 1077 1 2
45 1532 1 2
45 9 1 2
45 3273 1 2
45 2296 1 2
45 808 1 2
45 313 1 2
45 2169 1 2
45 3874 1 2
45 2674 1 2
45 4505 1 2
46 606 1 0
46 3919 1 0
46 2132 1 0
46 4462 1 0
46 1684 1 0
46 606 1 1
46 3919 1 1
46 2132 1 1
46 4462 1 1
46 1684 1 1
46 2558 1 2
46 3906 1 2
46 145 1 2
46 1260 1 2
46 2945 1 2
46 489 1 2
46 3821 1 2
46 2381 1 3
46 4614 1 3
46 3708 1 3
46 3773 1 3
46 2033 1 3
46 1872 1 3
46 769 1 3
46 4255 1 3
46 257 1 3
46 2462 1 3
46 2367 1 3
46 278 1 3
46 2429 1 3
46 629 1 3
46 4786 1 3
46 3427 1 3
47 3421 1 0
47 705 1 0
47 889 1 0
47 4266 1 0
47 1945 1 0
47 899 1 0
47 3393 1 0
47 3248 1 0
47 1035 1 0
47 133 1 0
47 828 1 1
47 596 1 1
47 2887 1 1
47 3934 1 1
47 2544 1 1
48 4086 1 0
48 1561 1 0
48 4007 1 0
48 4452 1 0
48 2869 1 0
48 4032 1 1
48 2623 1 1
48 4155 1 1
48 1777 1 1
48 137 1 1
48 472 1 1
48 2925 1 1
48 372 1 1
49 1774 1 0
49 4100 1 0
49 4723 1 0
49 488 1 0
49 3399 1 0
49 3005 1 0
49 3423 1 0
49 3772 1 0
49 2489 1 0
49 2107 1 1
49 677 1 1
49 1316 1 1
49 2082 1 1
49 177 1 1
49 2738 1 1
49 2376 1 1
50 961 1 0
50 4034 1 0
50 3819 1 0
50 3845 1 0
50 340 1 0
50 3746 1 0
50 1421 1 0
50 3791 1 0
50 3282 1 0
50 3954 1 0
50 2589 1 0
50 569 1 0
50 731 1 0
50 2593 1 0
50 961 1 1
50 4034 1 1
50 3819 1 1
50 3845 1 1
50 340 1 1
50 3746 1 1
50 1421 1 1
50 3791 1 1
50 3282 1 1
50 3954 1 1
50 2589 1 1
50 569 1 1
50 731 1 1
50 2593 1 1
51 1283 1 0
51 1290 1 0
51 3474 1 0
51 3478 1 0
51 1280 1 0
51 288 1 0
51 3618 1 1
51 2617 1 1
51 1676 1 1
51 983 1 1
51 3853 1 1
51 557 1 1
51 2052 1 1
51 4004 1 1
51 462 1 1
52 4015 1 0
52 953 1 0
52 3107 1 0
52 4238 1 0
52 3362 1 0
52 1473 1 0
52 4102 1 0
52 764 1 0
52 1489 1 1
52 4473 1 1
52 2209 1 1
52 557 1 1
52 694 1 1
52 124 1 1
52 2136 1 1
52 4324 1 1
52 679 1 2
52 2447 1 2
52 3586 1 2
52 1766 1 2
52 4396 1 2
52 2741 1 2
52 643 1 2
52 1644 1 2
53 1974 1 0
53 1936 1 0
53 2088 1 0
53 4476 1 0
53 3115 1 0
53 3233 1 0
53 4415 1 0
53 1113 1 0
53 2912 1 0
53 3398 1 0
53 3612 1 0
53 450 1 0
53 2546 1 0
53 4313 1 0
53 984 1 1
53 2216 1 1
53 165 1 1
53 1239 1 1
53 4584 1 1
53 4420 1 1
53 258 1 1
53 934 1 1
53 1905 1 1
53 4761 1 1
53 2373 1 1
53 3710 1 1
53 1245 1 1
53 94 1 1
53 2072 1 1
53 1529 1 1
53 2715 1 1
53 951 1 1
53 3251 1 1
53 468 1 1
53 2574 1 1
53 4284 1 1
53 874 1 1
53 868 1 1
53 2081 1 1
53 701 1 1
53 4236 1 1
53 2111 1 1
53 2005 1 1
53 2667 1 1
53 778 1 1
53 4341 1 1
53 4474 1 1
53 1439 1 1
53 2416 1 1
53 184 1 1
53 1104 1 1
53 105 1 1
53 2464 1 1
53 2680 1 1
53 2797 1 1
53 2573 1 1
53 634 1 1
53 1484 1 1
53 4208 1 1
53 1276 1 1
53 940 1 1
53 1702 1 1
53 779 1 1
53 3499 1 1
53 4687 1 1
53 1873 1 1
53 1021 1 1
53 1677 1 1
53 1262 1 1
53 663 1 1
53 2634 1 1
53 1357 1 1
53 4468 1 1
53 4205 1 1
53 1346 1 1
53 3847 1 1
53 3194 1 1
53 1422 1 1
53 4536 1 1
53 4629 1 1
53 52 1 1
53 1581 1 1
53 1485 1 1
53 148 1 1
53 497 1 1
53 2262 1 1
53 754 1 1
53 4497 1 1
53 1367 1 1
53 4183 1 1
53 2672 1 1
53 1801 1 1
53 2615 1 1
53 3192 1 1
53 2437 1 1
53 484 1 1
53 2652 1 1
53 1859 1 1
53 4582 1 1
53 2607 1 1
53 3532 1 1
53 1132 1 1
53 275 1 1
53 4714 1 1
54 197 1 0
54 2093 1 0
54 2896 1 0
54 1648 1 0
54 922 1 0
54 2045 1 0
54 2019 1 1
54 3960 1 1
54 2198 1 1
54 2871 1 1
54 3068 1 1
54 1091 1 1
54 4272 1 1
54 2996 1 1
54 919 1 1
54 1999 1 2
54 2294 1 2
54 700 1 2
54 4067 1 2
54 4091 1 2
54 2570 1 2
54 2368 1 2
54 3229 1 2
54 1394 1 2
54 2888 1 2
54 2124 1 2
54 4030 1 2
54 211 1 2
54 75 1 2
54 1494 1 2
54 3264 1 2
54 4036 1 2
55 1751 1 0
55 782 1 0
55 4222 1 0
55 3404 1 0
55 2281 1 0
55 469 1 0
55 1751 1 1
55 782 1 1
55 4222 1 1
55 3404 1 1
55 2281 1 1
55 469 1 1
55 1751 1 2
55 782 1 2
55 4222 1 2
55 3404 1 2
55 2281 1 2
55 469 1 2
55 1751 1 3
55 782 1 3
55 4222 1 3
55 3404 1 3
55 2281 1 3
55 469 1 3
55 1751 1 4
55 782 1 4
55 4222 1 4
55 3404 1 4
55 2281 1 4
55 469 1 4
55 1751 1 5
55 782 1 5
55 4222 1 5
55 3404 1 5
55 2281 1 5
55 469 1 5
55 1751 1 6
55 782 1 6
55 4222 1 6
55 3404 1 6
55 2281 1 6
55 469 1 6
56 2306 1 0
56 3626 1 0
56 2561 1 0
56 1870 1 0
56 4548 1 0
56 4506 1 0
56 3033 1 1
56 3381 1 1
56 3014 1 1
56 1406 1 1
56 1580 1 1
56 169 1 1
56 2452 1 1
56 4615 1 1
56 4148 1 1
56 475 1 1
56 3994 1 1
56 1253 1 1
56 270 1 1
56 996 1 1
56 3974 1 1
56 4529 1 1
56 3963 1 1
56 3704 1 1
56 523 1 1
56 2812 1 1
56 557 1 1
56 3690 1 1
56 4381 1 1
56 144 1 1
56 987 1 1
56 2410 1 1
56 2794 1 1
56 1538 1 1
56 3213 1 1
56 812 1 1
56 2315 1 1
56 2858 1 1
56 630 1 1
56 1440 1 1
56 1442 1 1
56 3989 1 1
56 2910 1 1
56 452 1 1
56 1474 1 1
56 1890 1 1
56 4712 1 2
56 2429 1 2
56 424 1 2
56 4395 1 2
56 1804 1 2
56 1524 1 2
56 3082 1 2
56 13 1 2
56 2919 1 2
56 1458 1 2
56 1337 1 2
56 3779 1 2
56 3674 1 2
56 2662 1 2
56 1837 1 2
56 4311 1 2
56 4020 1 2
56 3480 1 2
56 4101 1 2
56 682 1 2
56 2253 1 2
56 1407 1 2
56 3412 1 2
57 3277 1 0
57 543 1 0
57 2929 1 0
57 2202 1 0
57 4762 1 0
57 3277 1 1
57 543 1 1
57 2929 1 1
57 2202 1 1
57 4762 1 1
57 1211 1 2
57 1187 1 2
57 578 1 2
57 4389 1 2
57 1401 1 2
57 3937 1 3
57 4147 1 3
57 1650 1 3
57 160 1 3
57 1662 1 3
57 1784 1 3
57 2046 1 3
57 2445 1 3
58 4566 1 0
58 3747 1 0
58 431 1 0
58 3271 1 0
58 620 1 0
58 289 1 0
58 3225 1 0
58 4441 1 0
58 4692 1 0
58 128 1 0
58 2892 1 0
58 3483 1 0
58 1985 1 0
58 1354 1 0
58 2254 1 0
58 2295 1 0
58 1657 1 0
58 1967 1 0
58 1778 1 0
58 1007 1 0
58 1666 1 1
58 1907 1 1
58 3540 1 1
58 4756 1 1
58 1884 1 1
58 498 1 1
58 1250 1 1
58 1737 1 1
59 3552 1 0
59 267 1 0
59 1635 1 0
59 3861 1 0
59 722 1 0
59 283 1 0
59 189 1 0
59 3794 1 0
59 1091 1 0
59 626 1 1
59 290 1 1
59 1954 1 1
59 1137 1 1
59 4043 1 1
59 590 1 1
59 438 1 1
59 326 1 1
59 4702 1 1
59 4708 1 1
59 2128 1 2
59 450 1 2
59 2627 1 2
59 2346 1 2
59 588 1 2
59 351 1 2
59 1582 1 2
59 1427 1 2
60 2582 1 0
60 861 1 0
60 1310 1 0
60 4037 1 0
60 3752 1 0
60 2575 1 0
60 4663 1 0
60 2582 1 1
60 861 1 1
60 1310 1 1
60 4037 1 1
60 3752 1 1
60 2575 1 1
60 4663 1 1
60 3006 1 2
60 4459 1 2
60 2183 1 2
60 3813 1 2
60 4040 1 2
60 2417 1 2
60 443 1 2
60 3006 1 3
60 4459 1 3
60 2183 1 3
60 3813 1 3
60 4040 1 3
60 2417 1 3
60 443 1 3
60 3887 1 4
60 684 1 4
60 1927 1 4
60 4448 1 4
60 2973 1 4
60 2325 1 4
60 2197 1 4
60 1670 1 4
60 4632 1 5
60 4525 1 5
60 1031 1 5
60 2614 1 5
60 3119 1 5
60 3530 1 5
60 274 1 5
61 1266 1 0
61 2139 1 0
61 4117 1 0
61 3491 1 0
61 898 1 0
61 4539 1 0
61 4070 1 0
61 215 1 0
61 577 1 0
61 1289 1 0
61 1282 1 0
61 4368 1 0
61 933 1 0
61 2171 1 0
61 2755 1 0
61 4494 1 0
61 404 1 1
61 1971 1 1
61 4751 1 1
61 968 1 1
61 1125 1 1
61 338 1 1
61 2390 1 1
61 1377 1 1
61 1101 1 1
61 2626 1 1
61 4049 1 1
61 1071 1 1
61 1501 1 1
61 2981 1 1
61 2329 1 1
61 4455 1 1
61 4654 1 1
61 3303 1 1
61 1558 1 1
61 3497 1 1
61 3838 1 1
61 2401 1 1
61 2150 1 1
61 1779 1 1
61 3582 1 1
61 2572 1 1
61 4379 1 1
61 4314 1 1
61 3802 1 1
61 2856 1 1
61 1534 1 1
61 1572 1 1
61 3093 1 1
61 2377 1 1
62 1412 1 0
62 2584 1 0
62 4787 1 0
62 2993 1 0
62 652 1 0
62 4451 1 0
62 4507 1 0
62 1958 1 0
62 1685 1 0
62 1285 1 0
62 4429 1 0
62 3340 1 0
62 1912 1 1
62 3493 1 1
62 1730 1 1
62 3252 1 1
62 3899 1 1
62 3744 1 2
62 4194 1 2
62 1847 1 2
62 1465 1 2
62 2191 1 2
62 1334 1 2
63 830 1 0
63 3709 1 0
63 3299 1 0
63 4527 1 0
63 4665 1 0
63 4688 1 0
63 3653 1 0
63 719 1 0
63 859 1 0
63 2332 1 0
63 3209 1 0
63 2070 1 0
63 247 1 0
63 2838 1 0
63 4162 1 0
63 611 1 0
63 407 1 0
63 3907 1 0
63 2162 1 0
63 403 1 0
63 2868 1 0
63 2648 1 0
63 2209 1 0
63 2211 1 0
63 1436 1 0
63 2366 1 0
63 2933 1 0
63 1176 1 0
63 491 1 0
63 4669 1 0
63 2540 1 0
63 492 1 0
63 1273 1 0
63 3997 1 0
63 102 1 0
63 3071 1 0
63 2077 1 0
63 624 1 0
63 3689 1 0
63 4371 1 0
63 276 1 0
63 2018 1 0
63 2261 1 0
63 494 1 0
63 4170 1 0
63 146 1 0
63 3723 1 0
63 2309 1 0
63 352 1 0
63 2383 1 0
63 2840 1 0
63 2474 1 0
63 408 1 0
63 1886 1 0
63 1819 1 0
63 3018 1 0
63 2942 1 0
63 2528 1 0
63 2255 1 0
63 2622 1 0
63 3470 1 0
63 2628 1 0
63 2739 1 0
63 4576 1 0
63 3720 1 0
63 2834 1 0
63 4417 1 0
63 1424 1 0
63 1706 1 0
63 4484 1 0
63 4646 1 0
63 2618 1 0
63 4709 1 0
63 2930 1 0
63 2385 1 0
63 4543 1 0
63 2455 1 0
63 1426 1 0
63 3172 1 0
63 3556 1 0
63 513 1 0
63 1956 1 0
63 3308 1 0
63 2120 1 0
63 3868 1 0
63 53 1 0
63 3557 1 0
63 4788 1 0
63 1661 1 0
63 4598 1 0
63 3897 1 0
63 3382 1 0
63 816 1 0
63 1866 1 0
63 1944 1 0
63 2521 1 0
63 3914 1 0
63 2940 1 0
63 2292 1 0
63 3230 1 0
63 3863 1 0
63 715 1 0
63 1353 1 0
63 3884 1 0
63 3437 1 0
63 2348 1 0
63 1294 1 0
63 2036 1 0
63 3915 1 0
63 4328 1 0
63 4014 1 0
63 855 1 0
63 4432 1 0
63 2748 1 0
63 58 1 0
63 2121 1 0
63 3073 1 0
63 4411 1 0
63 935 1 0
63 3426 1 0
63 4356 1 0
63 2526 1 0
63 1668 1 0
63 2954 1 0
63 2849 1 0
63 2695 1 0
63 3721 1 0
63 1720 1 0
63 2238 1 0
63 2182 1 0
63 648 1 0
63 4213 1 0
63 83 1 0
63 4015 1 0
63 4204 1 0
63 4234 1 0
63 2948 1 0
63 225 1 0
63 870 1 0
63 4087 1 0
63 2029 1 0
63 4190 1 0
63 4717 1 0
63 2931 1 0
63 2398 1 0
63 4124 1 0
63 667 1 0
63 4729 1 0
63 1799 1 0
63 2350 1 0
63 888 1 0
63 149 1 0
63 2055 1 0
63 3565 1 0
63 4589 1 0
63 3652 1 0
63 3278 1 0
63 1937 1 0
63 2480 1 0
63 985 1 0
63 1923 1 0
63 3000 1 0
63 1350 1 0
63 4351 1 0
63 2335 1 0
63 4685 1 0
63 3604 1 0
63 1566 1 0
63 1653 1 0
63 4054 1 0
63 456 1 0
63 3422 1 0
63 3784 1 0
63 1064 1 0
63 3654 1 0
63 4478 1 0
63 3193 1 0
63 809 1 0
63 3267 1 0
63 4764 1 0
63 249 1 0
63 3199 1 0
63 1088 1 0
63 3814 1 0
63 4273 1 0
63 234 1 0
63 738 1 0
63 3921 1 0
63 2297 1 0
63 1241 1 0
63 3647 1 0
63 2502 1 0
63 4141 1 0
63 4336 1 0
63 355 1 0
63 3958 1 0
63 1038 1 0
63 3102 1 0
63 3601 1 0
63 537 1 0
63 1805 1 0
63 2776 1 0
63 3171 1 0
63 2596 1 0
63 4195 1 0
63 1921 1 0
63 872 1 0
63 2223 1 0
63 2755 1 0
63 2707 1 0
63 3521 1 0
63 2382 1 1
63 84 1 1
63 2706 1 1
63 291 1 1
63 2822 1 1
63 3731 1 1
63 260 1 1
63 3319 1 1
64 3015 1 0
64 1160 1 0
64 2088 1 0
64 3922 1 0
64 3038 1 0
64 818 1 1
64 120 1 1
64 1824 1 1
64 3098 1 1
64 2274 1 1
64 94 1 1
64 3820 1 1
64 3206 1 1
64 4479 1 1
64 3146 1 1
64 2720 1 1
64 1592 1 1
64 3341 1 1
64 2994 1 1
64 1082 1 1
64 2151 1 1
64 4289 1 1
64 520 1 1
64 2638 1 1
64 3494 1 1
64 518 1 1
64 4341 1 1
64 1429 1 1
64 18 1 1
64 4483 1 1
64 2298 1 1
64 634 1 1
64 3148 1 1
64 1276 1 1
64 1884 1 1
64 3355 1 1
64 1262 1 1
64 3354 1 1
64 2532 1 1
64 563 1 1
64 2277 1 1
64 2562 1 1
64 4284 1 1
64 823 1 1
64 4183 1 1
64 2672 1 1
64 973 1 1
64 1873 1 1
65 2721 1 0
65 910 1 0
65 723 1 0
65 3959 1 0
65 1605 1 0
65 1139 1 0
65 4728 1 1
65 3659 1 1
65 1169 1 1
65 2000 1 1
65 3932 1 1
65 1311 1 1
65 4556 1 1
65 217 1 1
66 4167 1 0
66 1573 1 0
66 4196 1 0
66 4666 1 0
66 1646 1 0
66 3316 1 0
66 1818 1 0
66 2148 1 0
66 1785 1 0
66 3661 1 0
66 1817 1 0
66 1612 1 0
66 3342 1 0
66 674 1 1
66 1975 1 1
66 1477 1 1
66 70 1 1
66 4159 1 1
66 3717 1 1
67 1855 1 0
67 3076 1 0
67 3220 1 0
67 878 1 0
67 2173 1 0
67 799 1 0
67 3348 1 0
67 4337 1 0
67 4604 1 0
67 4410 1 0
67 3063 1 0
67 3975 1 0
67 1543 1 0
67 1756 1 0
67 4563 1 0
67 4678 1 0
67 2535 1 0
67 3672 1 0
67 2881 1 0
67 3385 1 0
67 4380 1 0
67 4423 1 0
67 2108 1 0
67 2579 1 0
67 2688 1 0
67 4293 1 0
67 783 1 0
67 4561 1 0
67 2723 1 0
67 917 1 0
67 255 1 0
67 1303 1 0
67 437 1 0
67 702 1 1
67 82 1 1
67 4307 1 1
67 194 1 1
67 329 1 1
67 1460 1 1
67 3411 1 1
67 150 1 1
67 1255 1 1
67 1960 1 1
67 2876 1 1
67 1623 1 1
67 4112 1 1
67 683 1 1
67 4332 1 1
67 1585 1 1
67 757 1 1
67 1190 1 1
67 875 1 1
67 993 1 1
67 852 1 1
67 3655 1 1
68 4384 1 0
68 4472 1 0
68 466 1 0
68 2423 1 0
68 1948 1 0
68 271 1 1
68 861 1 1
68 3457 1 1
68 2913 1 1
68 1876 1 1
68 2201 1 1
68 3795 1 1
68 1221 1 1
68 3128 1 2
68 2110 1 2
68 4229 1 2
68 1727 1 2
68 4572 1 2
68 525 1 3
68 4201 1 3
68 4653 1 3
68 2594 1 3
68 568 1 3
69 3221 1 0
69 4291 1 0
69 4695 1 0
69 1078 1 0
69 3323 1 0
69 4173 1 0
69 2705 1 1
69 4053 1 1
69 1165 1 1
69 3378 1 1
69 204 1 1
69 3639 1 1
70 1009 1 0
70 2567 1 0
70 1050 1 0
70 1466 1 0
70 4003 1 0
70 1039 1 0
70 1686 1 0
70 2272 1 0
70 4772 1 1
70 2037 1 1
70 3481 1 1
70 29 1 1
70 3640 1 1
70 4549 1 1
70 519 1 1
70 3598 1 1
70 4375 1 1
71 496 1 0
71 2425 1 0
71 1210 1 0
71 3888 1 0
71 3851 1 0
71 4084 1 0
71 4626 1 0
71 844 1 0
71 2638 1 0
71 929 1 0
71 3815 1 0
71 999 1 0
71 792 1 0
71 901 1 1
71 1968 1 1
71 2469 1 1
71 2476 1 1
71 3456 1 1
72 4765 1 0
72 1 1 0
72 21 1 0
72 4061 1 0
72 4773 1 0
72 384 1 0
72 2210 1 0
72 1249 1 0
72 3195 1 0
72 890 1 1
72 4564 1 1
72 1209 1 1
72 4512 1 1
72 2104 1 1
72 532 1 1
72 4113 1 1
72 480 1 1
72 3830 1 1
72 2932 1 1
72 821 1 1
72 4477 1 1
72 3573 1 1
72 3681 1 1
72 2060 1 1
72 1567 1 1
72 3349 1 1
72 861 1 1
72 1672 1 1
72 2380 1 1
72 2106 1 2
72 1215 1 2
72 3062 1 2
72 4093 1 2
72 397 1 2
72 4321 1 2
72 2062 1 2
72 2545 1 2
72 3842 1 2
72 1115 1 2
72 2950 1 2
72 4181 1 2
72 3785 1 2
72 2960 1 2
72 3140 1 2
72 2773 1 2
72 326 1 2
72 341 1 2
72 4660 1 2
72 2533 1 2
72 4150 1 2
72 1790 1 2
72 3900 1 2
72 4393 1 2
72 1551 1 2
72 2192 1 2
72 3120 1 2
72 3850 1 2
72 3153 1 2
72 3739 1 2
72 3533 1 2
72 1040 1 2
73 1998 1 0
73 2777 1 0
73 4463 1 0
73 2275 1 0
73 2544 1 0
73 1607 1 0
73 1033 1 0
73 4271 1 0
73 1998 1 1
73 2777 1 1
73 4463 1 1
73 2275 1 1
73 2544 1 1
73 1607 1 1
73 1033 1 1
73 4271 1 1
74 1549 1 0
74 250 1 0
74 199 1 0
74 1468 1 0
74 986 1 0
74 2914 1 0
74 4016 1 0
74 988 1 0
74 1321 1 0
74 4031 1 1
74 3840 1 1
74 2454 1 1
74 2224 1 1
74 716 1 1
75 2904 1 0
75 4505 1 0
75 175 1 0
75 3467 1 0
75 3581 1 0
75 4088 1 0
75 1541 1 0
75 4329 1 0
75 2333 1 0
75 4110 1 0
75 1821 1 0
75 2658 1 0
75 4015 1 0
75 2759 1 0
75 3893 1 0
75 3348 1 0
75 3933 1 0
75 4612 1 0
75 2852 1 0
75 1205 1 1
75 138 1 1
75 6 1 1
75 4325 1 1
75 2157 1 1
75 747 1 1
75 3570 1 1
75 204 1 1
75 2601 1 1
75 54 1 1
75 306 1 1
75 3132 1 1
75 4673 1 1
75 1951 1 1
76 3394 1 0
76 2336 1 0
76 2549 1 0
76 2872 1 0
76 3185 1 0
76 1636 1 0
76 3537 1 1
76 2308 1 1
76 3926 1 1
76 1757 1 1
76 969 1 1
76 371 1 1
76 2504 1 1
76 261 1 1
76 1900 1 1
76 3670 1 1
76 4617 1 1
76 896 1 1
76 1404 1 1
76 4715 1 1
76 3343 1 2
76 168 1 2
76 2483 1 2
76 2678 1 2
76 4606 1 2
76 147 1 2
76 1575 1 2
76 4636 1 2
76 3446 1 2
77 1560 1 0
77 415 1 0
77 1281 1 0
77 2522 1 0
77 4566 1 0
77 4244 1 0
77 2378 1 0
77 4140 1 0
77 1703 1 0
77 3109 1 0
77 4790 1 0
77 2967 1 0
77 2799 1 0
77 1284 1 0
77 3526 1 0
77 2846 1 0
77 2448 1 0
77 734 1 0
77 4327 1 0
77 1560 1 1
77 415 1 1
77 1281 1 1
77 2522 1 1
77 4566 1 1
77 4244 1 1
77 2378 1 1
77 4140 1 1
77 1703 1 1
77 3109 1 1
77 4790 1 1
77 2967 1 1
77 2799 1 1
77 1284 1 1
77 3526 1 1
77 2846 1 1
77 2448 1 1
77 734 1 1
77 4327 1 1
78 367 1 0
78 4576 1 0
78 4631 1 0
78 3330 1 0
78 4012 1 0
78 3687 1 0
78 4335 1 1
78 2584 1 1
78 2084 1 1
78 550 1 1
78 3041 1 1
78 3181 1 1
78 3707 1 1
78 730 1 1
79 2684 1 0
79 1658 1 0
79 2010 1 0
79 4092 1 0
79 2499 1 0
79 2795 1 1
79 915 1 1
79 3660 1 1
79 2517 1 1
79 3685 1 1
79 3786 1 1
80 2970 1 0
80 4188 1 0
80 2439 1 0
80 1452 1 0
80 1023 1 0
80 1154 1 0
80 1103 1 1
80 3956 1 1
80 3762 1 1
80 2770 1 1
80 726 1 1
81 930 1 0
81 263 1 0
81 434 1 0
81 4171 1 0
81 1729 1 0
81 4191 1 0
81 3296 1 0
81 64 1 0
81 3561 1 0
81 3763 1 1
81 3827 1 1
81 1563 1 1
81 3112 1 1
81 1682 1 1
81 4696 1 1
81 2040 1 1
81 476 1 1
81 4718 1 1
81 2722 1 1
81 695 1 1
81 4674 1 1
81 1820 1 1
81 2853 1 2
81 1997 1 2
81 211 1 2
81 1271 1 2
81 3298 1 2
81 318 1 2
81 4076 1 2
81 696 1 2
81 1559 1 2
81 2675 1 3
81 975 1 3
81 822 1 3
81 321 1 3
81 2690 1 3
81 251 1 3
81 3322 1 3
81 1957 1 3
81 1641 1 3
81 3327 1 3
81 4466 1 3
81 1995 1 3
81 3210 1 3
81 1312 1 3
81 755 1 3
81 4766 1 3
81 2944 1 3
81 3415 1 3
81 3574 1 3
81 4229 1 3
81 2559 1 3
81 2369 1 3
81 952 1 3
81 2293 1 3
81 3145 1 3
81 1865 1 3
81 4498 1 3
81 3983 1 3
81 3680 1 3
81 1008 1 3
81 2947 1 3
81 3332 1 3
81 3547 1 4
81 4038 1 4
81 958 1 4
81 4316 1 4
81 796 1 4
81 2295 1 4
82 1224 1 0
82 2889 1 0
82 1570 1 0
82 1586 1 0
82 4262 1 0
82 310 1 0
82 2278 1 0
82 3944 1 1
82 218 1 1
82 1304 1 1
82 4702 1 1
82 1075 1 1
82 2174 1 2
82 3826 1 2
82 4569 1 2
82 1437 1 2
82 834 1 2
82 4068 1 3
82 3424 1 3
82 911 1 3
82 2673 1 3
82 101 1 3
83 2326 1 0
83 766 1 0
83 4246 1 0
83 972 1 0
83 314 1 0
83 4286 1 0
83 4308 1 0
83 2734 1 0
83 1803 1 0
83 3701 1 0
83 847 1 0
83 4240 1 0
83 4418 1 0
83 3923 1 0
83 2409 1 0
83 2155 1 0
83 1126 1 0
83 4697 1 0
83 268 1 1
83 3056 1 1
83 69 1 1
83 3732 1 1
83 957 1 1
84 3037 1 0
84 2710 1 0
84 3909 1 0
84 3046 1 0
84 2102 1 0
84 2708 1 0
84 2563 1 0
84 3156 1 1
84 2724 1 1
84 4079 1 1
84 4320 1 1
84 4437 1 1
84 4153 1 2
84 1267 1 2
84 2048 1 2
84 4661 1 2
84 4514 1 2
85 425 1 0
85 2192 1 0
85 4344 1 0
85 2806 1 0
85 3157 1 0
85 3358 1 1
85 2232 1 1
85 4632 1 1
85 4400 1 1
85 1737 1 1
85 3877 1 1
85 498 1 1
85 1382 1 1
85 565 1 1
85 3445 1 1
86 1191 1 0
86 1512 1 0
86 1443 1 0
86 4575 1 0
86 2187 1 0
86 4405 1 0
86 1317 1 1
86 3816 1 1
86 2886 1 1
86 3144 1 1
86 2153 1 1
86 2973 1 1
86 3253 1 1
86 3774 1 1
86 814 1 1
86 2577 1 1
86 2923 1 1
86 3395 1 1
86 2468 1 1
86 4106 1 1
86 551 1 1
86 3293 1 1
86 3397 1 1
86 312 1 1
86 1577 1 1
86 4780 1 1
86 2885 1 1
86 2232 1 1
87 2459 1 0
87 3124 1 0
87 1194 1 0
87 3367 1 0
87 4122 1 0
87 1944 1 1
87 1525 1 1
87 1138 1 1
87 1002 1 1
87 2893 1 1
88 4461 1 0
88 2428 1 0
88 3333 1 0
88 4431 1 0
88 937 1 0
88 4177 1 0
88 2541 1 1
88 700 1 1
88 4127 1 1
88 4263 1 1
88 4220 1 1
88 652 1 1
88 2145 1 2
88 3463 1 2
88 3780 1 2
88 2452 1 2
88 3244 1 2
88 3630 1 2
88 3015 1 2
88 1608 1 2
88 230 1 2
88 2594 1 2
88 3590 1 2
89 1017 1 0
89 1687 1 0
89 3562 1 0
89 3118 1 0
89 3924 1 0
89 4590 1 1
89 1230 1 1
89 3300 1 1
89 4229 1 1
89 2523 1 1
89 2591 1 1
89 3415 1 1
89 1246 1 1
89 1 1 1
89 4727 1 1
89 1073 1 1
89 3680 1 1
89 4251 1 1
89 2496 1 2
89 725 1 2
89 4372 1 2
89 605 1 2
89 721 1 2
89 118 1 2
89 1031 1 2
89 1991 1 2
89 818 1 2
89 3420 1 2
89 2718 1 2
89 954 1 2
89 3788 1 2
89 3487 1 2
89 3189 1 2
89 3494 1 2
90 1483 1 0
90 3116 1 0
90 1861 1 0
90 1943 1 0
90 1768 1 0
90 680 1 1
90 3094 1 1
90 798 1 1
90 4377 1 1
90 1545 1 1
90 938 1 1
90 2310 1 1
90 1026 1 1
90 1263 1 1
90 4650 1 1
90 1196 1 1
90 3968 1 1
90 229 1 1
90 2534 1 1
90 131 1 2
90 1444 1 2
90 3969 1 2
90 3348 1 2
90 556 1 2
90 3889 1 2
90 142 1 2
90 2402 1 2
90 151 1 2
90 124 1 2
90 4247 1 2
90 3957 1 2
90 1300 1 2
90 1102 1 2
90 1654 1 2
90 3792 1 2
91 2749 1 0
91 2778 1 0
91 2825 1 0
91 3026 1 0
91 1933 1 0
91 2749 1 1
91 2778 1 1
91 2825 1 1
91 3026 1 1
91 1933 1 1
91 2820 1 2
91 3443 1 2
91 3019 1 2
91 848 1 2
91 3228 1 2
91 2004 1 2
91 2333 1 2
92 4130 1 0
92 947 1 0
92 3757 1 0
92 4688 1 0
92 3554 1 0
92 107 1 0
92 1854 1 0
92 664 1 0
92 4028 1 0
92 4633 1 0
92 2711 1 0
92 187 1 0
92 1780 1 0
92 4078 1 0
92 139 1 0
92 1970 1 0
92 2185 1 0
92 3931 1 0
92 426 1 0
92 798 1 0
92 4041 1 0
92 4402 1 0
92 2488 1 0
92 2560 1 0
92 4098 1 0
92 4651 1 0
92 3169 1 0
92 4567 1 0
92 1087 1 0
92 887 1 0
92 4691 1 0
92 3592 1 0
92 2602 1 0
92 3558 1 0
92 4121 1 0
92 4042 1 0
92 1697 1 0
92 1149 1 0
92 2006 1 0
92 751 1 0
92 3665 1 0
92 3848 1 0
92 1521 1 1
92 3886 1 1
92 2537 1 1
92 2146 1 1
92 518 1 1
92 1099 1 1
92 3627 1 1
92 1044 1 1
92 1556 1 1
92 2411 1 1
92 1834 1 1
92 3630 1 1
92 2132 1 1
92 111 1 1
93 880 1 0
93 3667 1 0
93 2453 1 0
93 1700 1 0
93 132 1 0
93 2015 1 0
93 4135 1 1
93 30 1 1
93 1922 1 1
93 4214 1 1
93 1891 1 1
93 2020 1 1
93 3010 1 1
93 4730 1 1
93 521 1 1
93 733 1 1
93 4115 1 1
93 861 1 1
93 2167 1 2
93 385 1 2
93 427 1 2
93 1109 1 2
93 198 1 2
94 3474 1 0
94 3313 1 0
94 1143 1 0
94 3614 1 0
94 121 1 0
94 4725 1 0
94 3190 1 0
94 2285 1 0
94 4758 1 0
94 1236 1 0
94 279 1 0
94 2160 1 0
94 93 1 0
94 86 1 0
94 454 1 0
94 1869 1 0
94 1330 1 1
94 4039 1 1
94 2941 1 1
94 793 1 1
94 4303 1 1
94 2038 1 1
94 3291 1 1
94 4044 1 1
94 11 1 1
94 2349 1 1
94 1128 1 2
94 4748 1 2
94 4791 1 2
94 3039 1 2
94 2983 1 2
94 2471 1 2
94 4560 1 2
94 2370 1 2
94 2063 1 2
94 3829 1 2
94 2952 1 2
94 129 1 2
94 4744 1 2
94 4565 1 2
94 4264 1 2
94 3215 1 2
94 2032 1 2
95 3839 1 0
95 377 1 0
95 2590 1 0
95 2837 1 0
95 995 1 0
95 1796 1 0
95 3309 1 0
95 541 1 0
95 507 1 0
95 4295 1 0
95 4732 1 0
95 964 1 1
95 3740 1 1
95 1105 1 1
95 2506 1 1
95 2665 1 1
96 1449 1 0
96 1636 1 0
96 2190 1 0
96 4363 1 0
96 112 1 0
96 1062 1 0
96 2130 1 0
96 2096 1 0
96 3859 1 0
96 3175 1 0
96 1365 1 0
96 4634 1 0
96 3182 1 0
96 3095 1 0
96 1689 1 0
96 1903 1 0
96 1449 1 1
96 1636 1 1
96 2190 1 1
96 4363 1 1
96 112 1 1
96 1062 1 1
96 2130 1 1
96 2096 1 1
96 3859 1 1
96 3175 1 1
96 1365 1 1
96 4634 1 1
96 3182 1 1
96 3095 1 1
96 1689 1 1
96 1903 1 1
96 3622 1 2
96 959 1 2
96 2038 1 2
96 2696 1 2
96 493 1 2
96 3622 1 3
96 959 1 3
96 2038 1 3
96 2696 1 3
96 493 1 3
96 1571 1 4
96 3143 1 4
96 2308 1 4
96 2784 1 4
96 4315 1 4
96 741 1 4
97 4711 1 0
97 3651 1 0
97 3257 1 0
97 3756 1 0
97 1358 1 0
97 2949 1 0
97 3588 1 1
97 345 1 1
97 4160 1 1
97 1669 1 1
97 1934 1 1
97 3939 1 1
97 1667 1 2
97 1748 1 2
97 4352 1 2
97 1721 1 2
97 2891 1 2
97 4033 1 2
97 387 1 2
97 3713 1 2
98 24 1 0
98 315 1 0
98 1406 1 0
98 1860 1 0
98 2321 1 0
98 37 1 1
98 3174 1 1
98 123 1 1
98 1696 1 1
98 4274 1 1
99 2366 1 0
99 4069 1 0
99 4541 1 0
99 3914 1 0
99 4119 1 0
99 2676 1 0
99 328 1 0
99 4544 1 0
99 1453 1 0
99 946 1 0
99 4326 1 0
99 948 1 0
99 3383 1 1
99 3876 1 1
99 342 1 1
99 1064 1 1
99 2621 1 1
99 1863 1 1
99 2629 1 1
99 2386 1 1
99 1846 1 1
99 3383 1 2
99 3876 1 2
99 342 1 2
99 1064 1 2
99 2621 1 2
99 1863 1 2
99 2629 1 2
99 2386 1 2
99 1846 1 2
99 3284 1 3
99 490 1 3
99 1298 1 3
99 2771 1 3
99 1052 1 3
99 760 1 3
99 4082 1 3
99 1601 1 3
99 3993 1 3
99 2097 1 3
99 780 1 4
99 3935 1 4
99 558 1 4
99 976 1 4
99 3979 1 4
100 2712 1 0
100 457 1 0
100 3885 1 0
100 3630 1 0
100 3318 1 0
100 2340 1 1
100 3150 1 1
100 3403 1 1
100 838 1 1
100 1046 1 1
101 3170 1 0
101 2689 1 0
101 169 1 0
101 1051 1 0
101 3439 1 0
101 3605 1 0
101 2761 1 0
101 980 1 0
101 962 1 1
101 4267 1 1
101 3777 1 1
101 2722 1 1
101 3893 1 1
101 3636 1 1
101 3121 1 1
101 2426 1 1
101 2220 1 1
101 1613 1 1
102 988 1 0
102 176 1 0
102 570 1 0
102 4201 1 0
102 2781 1 0
102 988 1 1
102 176 1 1
102 570 1 1
102 4201 1 1
102 2781 1 1
103 39 1 0
103 4759 1 0
103 4706 1 0
103 2333 1 0
103 1387 1 0
103 1594 1 0
103 284 1 0
103 558 1 0
103 152 1 0
103 2197 1 0
103 2973 1 0
103 1177 1 0
103 595 1 1
103 1467 1 1
103 3869 1 1
103 2718 1 1
103 3055 1 1
103 3581 1 1
103 3189 1 1
104 3606 1 0
104 559 1 0
104 4573 1 0
104 2384 1 0
104 3268 1 0
104 3418 1 0
104 1013 1 0
104 2242 1 0
104 1352 1 0
104 23 1 0
104 1490 1 0
104 3606 1 1
104 559 1 1
104 4573 1 1
104 2384 1 1
104 3268 1 1
104 3418 1 1
104 1013 1 1
104 2242 1 1
104 1352 1 1
104 23 1 1
104 1490 1 1
104 3606 1 2
104 559 1 2
104 4573 1 2
104 2384 1 2
104 3268 1 2
104 3418 1 2
104 1013 1 2
104 2242 1 2
104 1352 1 2
104 23 1 2
104 1490 1 2
105 2094 1 0
105 470 1 0
105 232 1 0
105 3635 1 0
105 2577 1 0
105 4769 1 0
105 1192 1 0
105 1572 1 0
105 1026 1 0
105 867 1 0
105 1969 1 0
105 4532 1 0
105 1881 1 1
105 3890 1 1
105 3305 1 1
105 4433 1 1
105 4217 1 1
105 3711 1 1
106 1806 1 0
106 966 1 0
106 2527 1 0
106 767 1 0
106 189 1 0
106 2547 1 1
106 2655 1 1
106 1781 1 1
106 4775 1 1
106 2679 1 1
106 761 1 1
106 3003 1 1
107 1307 1 0
107 3609 1 0
107 3546 1 0
107 4009 1 0
107 1982 1 0
107 4650 1 0
107 1828 1 1
107 3766 1 1
107 2117 1 1
107 39 1 1
107 1166 1 1
107 1797 1 1
107 4675 1 1
107 195 1 1
107 1560 1 1
107 3429 1 1
107 4304 1 1
107 3168 1 1
107 4409 1 1
107 442 1 1
107 3822 1 1
108 297 1 0
108 1916 1 0
108 366 1 0
108 2790 1 0
108 4026 1 0
108 281 1 0
108 2997 1 0
108 115 1 0
108 1025 1 0
108 743 1 0
108 3387 1 0
108 4421 1 0
108 25 1 0
108 1286 1 0
108 297 1 1
108 1916 1 1
108 366 1 1
108 2790 1 1
108 4026 1 1
108 281 1 1
108 2997 1 1
108 115 1 1
108 1025 1 1
108 743 1 1
108 3387 1 1
108 4421 1 1
108 25 1 1
108 1286 1 1
108 4486 1 2
108 3675 1 2
108 2630 1 2
108 1405 1 2
108 423 1 2
108 1291 1 2
109 1922 1 0
109 1400 1 0
109 3425 1 0
109 1470 1 0
109 4365 1 0
109 3274 1 0
109 4698 1 0
109 1922 1 1
109 1400 1 1
109 3425 1 1
109 1470 1 1
109 4365 1 1
109 3274 1 1
109 4698 1 1
110 3970 1 0
110 2860 1 0
110 3448 1 0
110 394 1 0
110 1692 1 0
110 857 1 1
110 742 1 1
110 538 1 1
110 2140 1 1
110 4089 1 1
110 2536 1 1
110 514 1 1
110 273 1 1
110 4449 1 1
110 4624 1 2
110 2213 1 2
110 3572 1 2
110 965 1 2
110 3891 1 2
110 1522 1 2
110 3856 1 3
110 740 1 3
110 471 1 3
110 2859 1 3
110 903 1 3
110 76 1 3
110 3151 1 3
110 378 1 4
110 2716 1 4
110 50 1 4
110 4366 1 4
110 116 1 4
110 3021 1 4
110 887 1 4
110 3163 1 4
110 1673 1 4
110 1403 1 4
111 4355 1 0
111 748 1 0
111 427 1 0
111 2984 1 0
111 1005 1 0
111 4161 1 0
111 1901 1 0
111 1940 1 0
111 3835 1 0
111 3605 1 1
111 4207 1 1
111 980 1 1
111 3031 1 1
111 2961 1 1
111 4265 1 1
111 4415 1 1
111 3398 1 1
111 450 1 1
111 863 1 1
111 796 1 1
111 4516 1 1
111 108 1 1
111 1632 1 1
111 4050 1 1
111 1905 1 1
111 1688 1 1
111 1239 1 1
111 484 1 1
111 2652 1 1
111 1884 1 1
111 4584 1 1
111 2495 1 1
111 3710 1 1
111 1047 1 1
111 95 1 1
111 2437 1 1
111 4420 1 1
111 1734 1 1
111 2072 1 1
111 2294 1 1
111 398 1 1
111 2105 1 1
111 750 1 1
111 3376 1 1
111 909 1 1
111 3197 1 1
111 572 1 1
111 2360 1 1
111 4474 1 1
111 2323 1 1
111 1245 1 1
111 778 1 1
111 979 1 1
111 4218 1 1
111 4713 1 1
111 3632 1 1
111 4645 1 1
111 4008 1 1
111 184 1 1
111 1104 1 1
111 4509 1 1
111 3009 1 1
111 2375 1 1
111 703 1 1
111 2113 1 1
111 2039 1 1
111 636 1 1
111 1021 1 1
111 1422 1 1
111 1383 1 1
111 1735 1 1
111 4644 1 1
111 2090 1 1
111 4131 1 1
111 339 1 1
111 379 1 1
111 3532 1 1
112 3849 1 0
112 2802 1 0
112 3269 1 0
112 4202 1 0
112 368 1 0
112 4098 1 1
112 1336 1 1
112 3123 1 1
112 665 1 1
112 1491 1 1
112 1782 1 1
112 3548 1 1
112 3450 1 1
112 3 1 1
112 650 1 1
112 2760 1 1
112 2861 1 1
112 3129 1 1
112 3359 1 1
112 3388 1 1
112 2085 1 1
112 45 1 1
112 421 1 2
112 3842 1 2
112 79 1 2
112 1499 1 2
112 2337 1 2
112 3027 1 2
113 254 1 0
113 1202 1 0
113 2962 1 0
113 1181 1 0
113 4215 1 0
113 243 1 0
113 4238 1 0
113 3985 1 0
113 2868 1 0
113 2284 1 0
113 4690 1 0
113 2305 1 0
113 3592 1 0
113 2792 1 0
113 879 1 0
113 4679 1 0
113 1324 1 1
113 55 1 1
113 789 1 1
113 1874 1 1
113 1910 1 1
113 1938 1 1
113 1975 1 1
113 2742 1 1
113 1758 1 1
113 662 1 1
113 2184 1 1
113 808 1 1
113 2693 1 1
113 2745 1 1
113 4508 1 1
113 77 1 1
113 1345 1 1
113 3718 1 1
113 3553 1 1
113 811 1 1
114 744 1 0
114 2551 1 0
114 1283 1 0
114 4361 1 0
114 4767 1 0
114 744 1 1
114 2551 1 1
114 1283 1 1
114 4361 1 1
114 4767 1 1
114 4359 1 2
114 1251 1 2
114 3725 1 2
114 2955 1 2
114 848 1 2
114 2221 1 2
114 2209 1 2
114 2344 1 3
114 1445 1 3
114 3222 1 3
114 186 1 3
114 353 1 3
114 2344 1 4
114 1445 1 4
114 3222 1 4
114 186 1 4
114 353 1 4
114 2344 1 5
114 1445 1 5
114 3222 1 5
114 186 1 5
114 353 1 5
115 369 1 0
115 3625 1 0
115 2441 1 0
115 78 1 0
115 515 1 0
115 3413 1 0
115 849 1 0
115 1585 1 0
115 38 1 0
115 881 1 0
115 893 1 0
115 923 1 0
115 541 1 0
115 834 1 1
115 2067 1 1
115 4745 1 1
115 1505 1 1
115 954 1 1
115 2732 1 1
115 2207 1 1
115 3597 1 1
116 3563 1 0
116 74 1 0
116 303 1 0
116 219 1 0
116 764 1 0
116 2683 1 0
116 3980 1 1
116 3750 1 1
116 4282 1 1
116 1019 1 1
116 1867 1 1
116 1054 1 1
116 400 1 1
116 3692 1 1
116 3242 1 1
116 3315 1 1
116 3980 1 2
116 3750 1 2
116 4282 1 2
116 1019 1 2
116 1867 1 2
116 1054 1 2
116 400 1 2
116 3692 1 2
116 3242 1 2
116 3315 1 2
116 3980 1 3
116 3750 1 3
116 4282 1 3
116 1019 1 3
116 1867 1 3
116 1054 1 3
116 400 1 3
116 3692 1 3
116 3242 1 3
116 3315 1 3
116 3980 1 4
116 3750 1 4
116 4282 1 4
116 1019 1 4
116 1867 1 4
116 1054 1 4
116 400 1 4
116 3692 1 4
116 3242 1 4
116 3315 1 4
117 2965 1 0
117 4533 1 0
117 612 1 0
117 697 1 0
117 887 1 0
117 3666 1 0
117 1994 1 0
117 3945 1 1
117 2491 1 1
117 4786 1 1
117 59 1 1
117 913 1 1
118 4310 1 0
118 4578 1 0
118 264 1 0
118 2197 1 0
118 1993 1 0
118 4510 1 1
118 1664 1 1
118 1515 1 1
118 1437 1 1
118 15 1 1
118 356 1 1
118 2174 1 1
118 3154 1 2
118 2236 1 2
118 3059 1 2
118 1942 1 2
118 589 1 2
118 4275 1 2
118 1848 1 2
118 1588 1 2
118 87 1 2
118 3860 1 2
118 2956 1 2
118 2389 1 2
118 3758 1 2
119 4052 1 0
119 1857 1 0
119 3113 1 0
119 1769 1 0
119 2785 1 0
119 409 1 1
119 4607 1 1
119 2905 1 1
119 619 1 1
119 851 1 1
119 4002 1 1
119 4296 1 1
119 2156 1 1
119 931 1 1
119 516 1 1
119 2873 1 2
119 583 1 2
119 4720 1 2
119 3946 1 2
119 2319 1 2
119 1975 1 2
119 2798 1 2
119 4501 1 2
119 3668 1 2
119 629 1 2
119 3091 1 2
119 242 1 2
120 4342 1 0
120 2801 1 0
120 1761 1 0
120 582 1 0
120 3579 1 0
120 3208 1 0
120 3184 1 0
120 463 1 0
120 1578 1 0
120 3683 1 0
120 4104 1 0
120 3489 1 0
120 4558 1 0
120 692 1 0
120 3764 1 0
120 3736 1 0
120 4621 1 0
120 3352 1 0
120 997 1 0
120 2914 1 0
120 4649 1 0
120 1486 1 0
120 4252 1 0
120 3528 1 0
120 1180 1 0
120 4071 1 0
120 3368 1 0
120 2257 1 0
120 2969 1 0
120 1980 1 0
120 63 1 1
120 2218 1 1
120 41 1 1
120 1501 1 1
120 4443 1 1
120 3793 1 1
120 330 1 1
120 1208 1 2
120 2456 1 2
120 3265 1 2
120 2422 1 2
120 2655 1 2
120 4469 1 2
120 133 1 2
121 2300 1 0
121 1555 1 0
121 3028 1 0
121 2934 1 0
121 3832 1 0
121 2654 1 0
121 2481 1 0
121 370 1 0
121 205 1 0
121 4369 1 0
121 4487 1 0
121 1147 1 0
121 3558 1 0
121 2681 1 0
121 319 1 0
121 3714 1 0
121 4652 1 0
121 3047 1 0
121 245 1 0
121 3733 1 0
121 158 1 0
121 759 1 0
121 4216 1 0
121 998 1 0
121 1235 1 0
121 2366 1 0
121 3414 1 0
121 1831 1 0
121 444 1 0
121 1979 1 0
121 1626 1 0
121 2300 1 1
121 1555 1 1
121 3028 1 1
121 2934 1 1
121 3832 1 1
121 2654 1 1
121 2481 1 1
121 370 1 1
121 205 1 1
121 4369 1 1
121 4487 1 1
121 1147 1 1
121 3558 1 1
121 2681 1 1
121 319 1 1
121 3714 1 1
121 4652 1 1
121 3047 1 1
121 245 1 1
121 3733 1 1
121 158 1 1
121 759 1 1
121 4216 1 1
121 998 1 1
121 1235 1 1
121 2366 1 1
121 3414 1 1
121 1831 1 1
121 444 1 1
121 1979 1 1
121 1626 1 1
122 2963 1 0
122 3078 1 0
122 1154 1 0
122 130 1 0
122 3987 1 0
122 2188 1 0
122 2998 1 0
122 1476 1 0
122 4163 1 0
122 2971 1 0
122 574 1 0
122 4433 1 0
122 644 1 0
122 1975 1 0
122 392 1 0
122 1318 1 0
122 2352 1 0
122 4223 1 0
122 717 1 0
122 1614 1 0
122 3432 1 0
122 4786 1 0
122 4197 1 0
122 1278 1 0
122 2137 1 1
122 1659 1 1
122 1837 1 1
122 834 1 1
122 277 1 1
122 4386 1 1
122 577 1 1
122 3040 1 1
122 599 1 1
122 3324 1 1
122 1584 1 1
122 1034 1 1
122 42 1 1
122 4239 1 1
122 923 1 1
123 3106 1 0
123 4182 1 0
123 4422 1 0
123 4016 1 0
123 3001 1 0
123 1486 1 0
123 3623 1 0
123 2867 1 0
123 1537 1 0
123 2915 1 0
123 2786 1 0
123 739 1 0
123 340 1 0
123 2264 1 1
123 1547 1 1
123 1313 1 1
123 3231 1 1
123 1157 1 1
123 232 1 1
123 2264 1 2
123 1547 1 2
123 1313 1 2
123 3231 1 2
123 1157 1 2
123 232 1 2
124 4000 1 0
124 2656 1 0
124 190 1 0
124 119 1 0
124 2342 1 0
124 3321 1 0
124 2508 1 0
124 1160 1 1
124 2815 1 1
124 991 1 1
124 4488 1 1
124 3892 1 1
124 1036 1 1
125 1879 1 0
125 1415 1 0
125 2286 1 0
125 4198 1 0
125 660 1 0
125 4465 1 0
125 4782 1 0
125 3938 1 1
125 1807 1 1
125 2334 1 1
125 1358 1 1
125 3472 1 1
125 3795 1 1
125 4244 1 1
125 1275 1 1
125 4025 1 1
125 3029 1 1
125 3607 1 1
125 2761 1 1
125 4166 1 1
125 2787 1 1
125 2984 1 1
125 3826 1 1
125 1974 1 1
125 2922 1 1
125 326 1 1
125 2704 1 2
125 3764 1 2
125 2011 1 2
125 1540 1 2
125 1671 1 2
125 3363 1 2
126 1364 1 0
126 1885 1 0
126 3525 1 0
126 4493 1 0
126 2826 1 0
126 1770 1 0
126 263 1 0
126 1150 1 0
126 2753 1 1
126 1520 1 1
126 239 1 1
126 1461 1 1
126 2219 1 1
126 4647 1 1
126 1902 1 1
126 1678 1 1
126 3100 1 1
127 2935 1 0
127 3108 1 0
127 607 1 0
127 645 1 0
127 1593 1 0
127 3211 1 1
127 1712 1 1
127 3695 1 1
127 2338 1 1
127 161 1 1
128 4152 1 0
128 1959 1 0
128 2436 1 0
128 2594 1 0
128 2002 1 0
128 3522 1 0
128 2763 1 0
128 286 1 0
128 477 1 0
128 3947 1 0
128 850 1 0
128 3927 1 0
128 2177 1 0
128 2587 1 1
128 1841 1 1
128 2361 1 1
128 791 1 1
128 4178 1 1
128 3227 1 1
129 1772 1 0
129 2830 1 0
129 1733 1 0
129 313 1 0
129 2073 1 0
129 586 1 0
129 2585 1 0
129 188 1 0
129 4595 1 0
129 800 1 0
129 861 1 0
129 2819 1 1
129 1327 1 1
129 1889 1 1
129 481 1 1
129 3195 1 1
129 1742 1 1
130 3812 1 0
130 1583 1 0
130 2897 1 0
130 4244 1 0
130 4407 1 0
130 2725 1 0
130 4555 1 1
130 4072 1 1
130 4699 1 1
130 2640 1 1
130 3004 1 1
130 2752 1 1
130 1179 1 1
130 1740 1 2
130 464 1 2
130 873 1 2
130 1514 1 2
130 811 1 2
130 3928 1 2
130 3122 1 2
130 2769 1 2
130 2473 1 2
130 1707 1 2
131 167 1 0
131 1299 1 0
131 3951 1 0
131 820 1 0
131 3824 1 0
131 3662 1 0
131 1683 1 0
131 1825 1 0
131 167 1 1
131 1299 1 1
131 3951 1 1
131 820 1 1
131 3824 1 1
131 3662 1 1
131 1683 1 1
131 1825 1 1
131 185 1 2
131 4001 1 2
131 2531 1 2
131 3320 1 2
131 3141 1 2
131 1372 1 2
131 2057 1 2
131 637 1 2
131 4376 1 2
132 4013 1 0
132 3097 1 0
132 61 1 0
132 2078 1 0
132 1906 1 0
132 3405 1 0
132 2788 1 1
132 2877 1 1
132 1569 1 1
132 347 1 1
132 618 1 1
132 3285 1 1
132 4226 1 1
132 3882 1 1
132 3770 1 1
132 243 1 1
132 3430 1 1
132 808 1 1
132 4412 1 1
132 2766 1 1
132 1097 1 1
132 4397 1 1
132 967 1 1
132 4045 1 1
132 2043 1 1
132 2973 1 1
132 2908 1 1
132 3158 1 1
132 4586 1 1
132 4247 1 1
132 797 1 1
132 584 1 1
132 51 1 1
132 3988 1 1
132 1875 1 1
132 3966 1 1
132 2914 1 1
132 3176 1 1
132 2592 1 1
132 1344 1 1
132 2992 1 1
132 298 1 1
132 4638 1 1
132 182 1 1
132 3820 1 1
132 2709 1 1
132 1616 1 1
132 4462 1 1
132 2163 1 1
132 141 1 1
132 313 1 1
132 3160 1 2
132 1884 1 2
132 3745 1 2
132 1183 1 2
132 417 1 2
132 4557 1 2
132 1787 1 2
132 1587 1 2
132 635 1 2
132 3050 1 2
132 1338 1 2
132 4703 1 2
132 1679 1 2
133 1398 1 0
133 3396 1 0
133 2457 1 0
133 1122 1 0
133 2817 1 0
133 2212 1 1
133 1467 1 1
133 3580 1 1
133 263 1 1
133 62 1 1
133 3584 1 1
133 1486 1 1
133 575 1 1
133 3090 1 1
133 2604 1 1
133 2914 1 1
133 4348 1 1
133 1268 1 2
133 1917 1 2
133 2446 1 2
133 220 1 2
133 390 1 2
133 1763 1 2
134 713 1 0
134 4689 1 0
134 2597 1 0
134 3212 1 0
134 939 1 0
134 3249 1 0
134 4721 1 0
134 6 1 0
134 4241 1 0
134 4754 1 0
134 1331 1 0
134 4680 1 0
134 2482 1 0
134 3962 1 0
134 529 1 0
134 2594 1 0
134 2878 1 1
134 2912 1 1
134 2729 1 1
134 3710 1 1
134 3218 1 1
134 2495 1 1
134 1245 1 1
134 1592 1 1
134 3452 1 1
134 4283 1 1
134 1338 1 1
134 484 1 1
134 4703 1 1
134 3258 1 1
134 3180 1 1
134 2753 1 1
134 4483 1 1
134 2878 1 2
134 2912 1 2
134 2729 1 2
134 3710 1 2
134 3218 1 2
134 2495 1 2
134 1245 1 2
134 1592 1 2
134 3452 1 2
134 4283 1 2
134 1338 1 2
134 484 1 2
134 4703 1 2
134 3258 1 2
134 3180 1 2
134 2753 1 2
134 4483 1 2
135 4158 1 0
135 2020 1 0
135 3628 1 0
135 4270 1 0
135 2343 1 0
135 4792 1 0
135 4333 1 0
135 4436 1 1
135 3566 1 1
135 4164 1 1
135 1871 1 1
135 3131 1 1
135 4605 1 1
135 2021 1 1
135 1925 1 1
136 4596 1 0
136 1523 1 0
136 1877 1 0
136 2991 1 0
136 3034 1 0
136 505 1 0
136 720 1 0
136 3952 1 0
136 1695 1 0
136 246 1 0
136 4596 1 1
136 1523 1 1
136 1877 1 1
136 2991 1 1
136 3034 1 1
136 505 1 1
136 720 1 1
136 3952 1 1
136 1695 1 1
136 246 1 1
136 2023 1 2
136 1263 1 2
136 4427 1 2
136 4058 1 2
136 2034 1 2
137 3870 1 0
137 1639 1 0
137 1321 1 0
137 4776 1 0
137 712 1 0
137 1935 1 0
137 1027 1 0
137 3558 1 0
137 2608 1 0
137 3074 1 0
137 411 1 1
137 2320 1 1
137 3030 1 1
137 3728 1 1
137 2616 1 1
138 362 1 0
138 2289 1 0
138 231 1 0
138 2836 1 0
138 2804 1 0
138 2258 1 0
138 3366 1 0
138 4500 1 0
138 363 1 0
138 4165 1 0
138 4269 1 0
138 3495 1 0
138 2762 1 0
138 2174 1 0
138 1061 1 0
138 1167 1 0
138 4630 1 0
138 4482 1 0
138 3702 1 1
138 3470 1 1
138 3641 1 1
138 1497 1 1
138 445 1 1
138 1630 1 1
138 4227 1 1
138 527 1 1
138 482 1 1
138 1531 1 1
138 2324 1 1
138 2705 1 1
138 4047 1 1
138 4525 1 1
138 1006 1 1
138 3239 1 1
138 2208 1 1
138 1668 1 1
138 1584 1 1
138 1231 1 1
138 2388 1 1
138 3121 1 1
138 4620 1 1
138 4017 1 1
138 4467 1 1
138 3841 1 1
138 2447 1 1
138 615 1 1
138 988 1 1
138 2246 1 1
138 3979 1 1
138 3833 1 1
138 1913 1 1
138 179 1 1
138 2477 1 1
138 3216 1 1
138 3629 1 1
138 3591 1 1
138 4619 1 1
138 486 1 1
138 4641 1 1
138 3688 1 1
138 3371 1 1
138 1355 1 1
138 2746 1 1
138 3734 1 1
138 528 1 1
138 3564 1 1
138 678 1 1
138 1107 1 1
138 2632 1 1
138 1694 1 1
138 2747 1 1
138 2476 1 1
138 2793 1 1
138 1135 1 1
138 3084 1 1
138 3509 1 1
138 4254 1 1
138 3577 1 1
138 2842 1 1
138 3279 1 1
138 3273 1 1
138 2980 1 1
138 1285 1 1
138 1962 1 1
138 2751 1 1
138 2713 1 1
138 2123 1 1
138 3289 1 1
138 4642 1 1
138 1486 1 1
138 2235 1 1
138 3929 1 1
138 3312 1 1
138 2209 1 1
138 4742 1 1
138 4091 1 1
138 4392 1 1
138 950 1 1
138 1480 1 1
138 3593 1 1
138 2116 1 1
138 4503 1 1
138 884 1 1
138 535 1 1
138 2698 1 1
138 4180 1 1
138 3458 1 1
138 2386 1 1
138 4374 1 1
138 4762 1 1
138 3747 1 1
138 3415 1 1
138 1418 1 1
138 1908 1 1
138 944 1 1
138 3125 1 1
138 2066 1 1
138 2779 1 1
138 522 1 1
138 1154 1 1
138 4550 1 1
138 1094 1 1
138 1233 1 1
138 729 1 1
138 2406 1 1
138 2671 1 1
138 3922 1 1
138 1319 1 1
138 1037 1 1
138 3663 1 1
138 212 1 1
138 2538 1 1
138 3011 1 1
138 1325 1 1
138 4414 1 1
138 4494 1 1
138 4259 1 1
138 4142 1 1
138 3676 1 1
138 2730 1 1
138 3677 1 1
138 3534 1 1
138 1295 1 1
138 2874 1 1
138 2594 1 1
138 1341 1 1
138 3560 1 1
138 2021 1 1
138 447 1 1
138 4280 1 1
138 2880 1 1
138 56 1 1
138 1996 1 1
138 1546 1 1
138 1420 1 1
138 891 1 1
138 2134 1 1
138 1216 1 1
138 802 1 1
138 1519 1 1
138 2675 1 1
138 2840 1 1
138 1902 1 2
138 3433 1 2
138 253 1 2
138 2379 1 2
138 2450 1 2
138 3035 1 2
138 4546 1 2
138 1737 1 2
138 3788 1 2
138 1369 1 2
138 776 1 2
138 1328 1 2
138 1329 1 2
138 4747 1 2
138 331 1 2
138 3085 1 2
138 840 1 2
138 3871 1 2
138 3798 1 2
138 1041 1 2
138 2898 1 2
138 3487 1 2
138 3808 1 2
138 3991 1 2
138 4029 1 2
138 1708 1 2
138 1589 1 2
138 600 1 2
138 2943 1 2
138 1464 1 2
138 1500 1 2
138 763 1 2
138 4518 1 2
138 235 1 2
138 3259 1 2
138 1947 1 2
138 2727 1 2
138 4679 1 2
138 2245 1 2
138 1627 1 2
138 549 1 2
138 317 1 2
138 877 1 2
138 633 1 2
138 1946 1 2
138 2682 1 2
138 1984 1 2
138 1619 1 2
138 4107 1 2
138 4700 1 2
138 1625 1 2
138 2149 1 2
138 2214 1 2
138 1383 1 2
138 673 1 2
138 1660 1 2
138 4622 1 2
138 546 1 2
138 4579 1 2
138 941 1 2
138 3440 1 2
139 599 1 0
139 696 1 0
139 3270 1 0
139 1793 1 0
139 211 1 0
139 1919 1 0
139 231 1 0
139 2049 1 1
139 1144 1 1
139 317 1 1
139 805 1 1
139 876 1 1
139 2587 1 2
139 4777 1 2
139 3710 1 2
139 3356 1 2
139 869 1 2
139 4383 1 2
139 3442 1 2
139 745 1 2
140 1812 1 0
140 1680 1 0
140 2904 1 0
140 1154 1 0
140 240 1 0
140 2170 1 0
140 3294 1 0
140 1812 1 1
140 1680 1 1
140 2904 1 1
140 1154 1 1
140 240 1 1
140 2170 1 1
140 3294 1 1
140 1812 1 2
140 1680 1 2
140 2904 1 2
140 1154 1 2
140 240 1 2
140 2170 1 2
140 3294 1 2
140 1829 1 3
140 57 1 3
140 4147 1 3
140 3126 1 3
140 1963 1 3
140 1928 1 4
140 1472 1 4
140 237 1 4
140 3857 1 4
140 4144 1 4
140 2988 1 4
140 34 1 4
140 252 1 4
140 2495 1 4
141 1389 1 0
141 2412 1 0
141 4740 1 0
141 1604 1 0
141 1620 1 0
141 2668 1 1
141 2026 1 1
141 4403 1 1
141 1698 1 1
141 894 1 1
142 3712 1 0
142 3002 1 0
142 836 1 0
142 4716 1 0
142 926 1 0
142 1425 1 0
142 1966 1 0
142 4734 1 0
142 4339 1 1
142 672 1 1
142 1030 1 1
142 2301 1 1
142 3283 1 1
142 3775 1 2
142 3044 1 2
142 1356 1 2
142 709 1 2
142 2977 1 2
142 2791 1 2
143 2663 1 0
143 2936 1 0
143 3053 1 0
143 1987 1 0
143 1676 1 0
143 2829 1 0
143 3971 1 1
143 2353 1 1
143 462 1 1
143 2277 1 1
143 3679 1 1
143 1246 1 1
143 2295 1 2
143 3235 1 2
143 66 1 2
143 2800 1 2
143 1907 1 2
143 770 1 2
143 1419 1 2
143 621 1 2
143 1902 1 2
143 4281 1 2
143 2720 1 2
143 3633 1 2
143 1305 1 2
143 2614 1 2
143 924 1 2
143 4099 1 2
143 865 1 2
143 441 1 2
143 4753 1 2
144 1248 1 0
144 359 1 0
144 3402 1 0
144 4530 1 0
144 608 1 0
144 4184 1 0
144 3811 1 0
144 2265 1 0
144 1310 1 0
144 2080 1 0
144 4298 1 0
144 3799 1 0
144 4481 1 1
144 653 1 1
144 3177 1 1
144 1454 1 1
144 3896 1 1
144 1731 1 1
144 837 1 1
144 4481 1 2
144 653 1 2
144 3177 1 2
144 1454 1 2
144 3896 1 2
144 1731 1 2
144 837 1 2
144 1340 1 3
144 2756 1 3
144 296 1 3
144 1701 1 3
144 2351 1 3
144 1507 1 3
144 4357 1 3
144 3517 1 3
144 1755 1 3
144 861 1 3
144 2529 1 3
144 1812 1 3
144 758 1 3
144 1629 1 3
144 2686 1 3
144 4040 1 3
144 1361 1 3
144 4221 1 3
144 3703 1 3
144 1879 1 3
145 927 1 0
145 1085 1 0
145 265 1 0
145 4358 1 0
145 3281 1 0
145 927 1 1
145 1085 1 1
145 265 1 1
145 4358 1 1
145 3281 1 1
145 927 1 2
145 1085 1 2
145 265 1 2
145 4358 1 2
145 3281 1 2
145 927 1 3
145 1085 1 3
145 265 1 3
145 4358 1 3
145 3281 1 3
146 1835 1 0
146 3961 1 0
146 2438 1 0
146 361 1 0
146 1560 1 0
146 1003 1 1
146 2442 1 1
146 1068 1 1
146 3610 1 1
146 2900 1 1
146 640 1 1
146 3535 1 1
146 2525 1 1
146 4125 1 1
146 4233 1 1
146 1003 1 2
146 2442 1 2
146 1068 1 2
146 3610 1 2
146 2900 1 2
146 640 1 2
146 3535 1 2
146 2525 1 2
146 4125 1 2
146 4233 1 2
147 3260 1 0
147 3949 1 0
147 4305 1 0
147 912 1 0
147 3910 1 0
147 4210 1 0
147 4319 1 0
147 3260 1 1
147 3949 1 1
147 4305 1 1
147 912 1 1
147 3910 1 1
147 4210 1 1
147 4319 1 1
148 1351 1 0
148 3305 1 0
148 654 1 0
148 1929 1 0
148 2719 1 0
148 3504 1 1
148 1611 1 1
148 4225 1 1
148 4580 1 1
148 4014 1 1
148 597 1 1
148 2231 1 1
148 1214 1 1
149 373 1 0
149 4719 1 0
149 2909 1 0
149 4035 1 0
149 1576 1 0
149 1390 1 0
149 1832 1 0
149 3529 1 0
149 3155 1 0
149 1915 1 0
149 2419 1 0
149 373 1 1
149 4719 1 1
149 2909 1 1
149 4035 1 1
149 1576 1 1
149 1390 1 1
149 1832 1 1
149 3529 1 1
149 3155 1 1
149 1915 1 1
149 2419 1 1
149 373 1 2
149 4719 1 2
149 2909 1 2
149 4035 1 2
149 1576 1 2
149 1390 1 2
149 1832 1 2
149 3529 1 2
149 3155 1 2
149 1915 1 2
149 2419 1 2
149 373 1 3
149 4719 1 3
149 2909 1 3
149 4035 1 3
149 1576 1 3
149 1390 1 3
149 1832 1 3
149 3529 1 3
149 3155 1 3
149 1915 1 3
149 2419 1 3
149 3217 1 4
149 4090 1 4
149 632 1 4
149 831 1 4
149 820 1 4
149 3409 1 4
149 4505 1 4
149 3217 1 5
149 4090 1 5
149 632 1 5
149 831 1 5
149 820 1 5
149 3409 1 5
149 4505 1 5
149 3146 1 6
149 2392 1 6
149 4051 1 6
149 2639 1 6
149 2598 1 6
150 3539 1 0
150 2229 1 0
150 3510 1 0
150 974 1 0
150 4134 1 0
150 1750 1 0
150 3539 1 1
150 2229 1 1
150 3510 1 1
150 974 1 1
150 4134 1 1
150 1750 1 1
151 2841 1 0
151 2053 1 0
151 266 1 0
151 623 1 0
151 1042 1 0
151 787 1 1
151 3441 1 1
151 3280 1 1
151 2259 1 1
151 1254 1 1
151 3875 1 2
151 1709 1 2
151 2879 1 2
151 2125 1 2
151 4203 1 2
151 2862 1 2
151 1788 1 2
151 4077 1 2
151 2225 1 2
151 2399 1 2
151 853 1 2
151 280 1 2
151 3310 1 2
151 2958 1 2
151 1370 1 2
151 2403 1 2
151 2288 1 2
151 3751 1 2
151 3275 1 2
151 1674 1 2
151 2311 1 2
151 9 1 2
151 1533 1 2
151 2764 1 2
151 3501 1 2
151 3724 1 2
151 4315 1 2
151 474 1 2
151 598 1 2
152 2761 1 0
152 3022 1 0
152 3049 1 0
152 3038 1 0
152 1110 1 0
152 4521 1 0
152 1431 1 0
152 544 1 0
152 524 1 1
152 4495 1 1
152 588 1 1
152 3611 1 1
152 1907 1 1
152 4632 1 1
152 3710 1 1
152 374 1 1
152 3135 1 1
152 1010 1 1
152 1884 1 1
152 1393 1 1
152 1964 1 1
152 3475 1 1
152 1734 1 1
153 399 1 0
153 348 1 0
153 1815 1 0
153 2064 1 0
153 2755 1 0
153 3549 1 1
153 651 1 1
153 1162 1 1
153 1193 1 1
153 1479 1 1
153 2092 1 1
153 1965 1 1
153 1197 1 1
153 440 1 1
153 4021 1 1
153 3314 1 1
153 31 1 1
153 1887 1 1
154 1705 1 0
154 2864 1 0
154 2912 1 0
154 3398 1 0
154 2279 1 0
154 3612 1 0
154 954 1 0
154 1736 1 0
154 110 1 0
154 3642 1 0
154 1632 1 0
154 1884 1 0
154 4018 1 0
154 4584 1 0
154 818 1 0
154 1127 1 0
154 784 1 0
154 3902 1 0
154 3379 1 0
154 3719 1 0
154 4424 1 0
154 4317 1 0
154 2697 1 0
154 1705 1 1
154 2864 1 1
154 2912 1 1
154 3398 1 1
154 2279 1 1
154 3612 1 1
154 954 1 1
154 1736 1 1
154 110 1 1
154 3642 1 1
154 1632 1 1
154 1884 1 1
154 4018 1 1
154 4584 1 1
154 818 1 1
154 1127 1 1
154 784 1 1
154 3902 1 1
154 3379 1 1
154 3719 1 1
154 4424 1 1
154 4317 1 1
154 2697 1 1
155 422 1 0
155 1236 1 0
155 1173 1 0
155 4345 1 0
155 2415 1 0
155 1764 1 0
155 4370 1 0
155 48 1 1
155 332 1 1
155 2863 1 1
155 1564 1 1
155 125 1 1
155 2974 1 1
155 2022 1 2
155 4535 1 2
155 3287 1 2
155 4189 1 2
155 3760 1 2
155 2400 1 2
156 202 1 0
156 1753 1 0
156 1045 1 0
156 2256 1 0
156 356 1 0
156 4472 1 0
156 2803 1 0
156 3127 1 0
156 2189 1 1
156 4440 1 1
156 711 1 1
156 4501 1 1
156 804 1 1
156 3335 1 1
156 4442 1 1
156 1517 1 1
156 269 1 1
156 1232 1 1
156 3220 1 1
156 1972 1 1
157 3500 1 0
157 638 1 0
157 2089 1 0
157 1513 1 0
157 3543 1 0
157 178 1 0
157 861 1 0
157 2354 1 0
157 4599 1 0
157 4046 1 0
157 1774 1 0
157 3669 1 0
157 3007 1 0
157 4169 1 0
157 17 1 0
157 3051 1 0
157 3823 1 0
157 4559 1 0
157 1633 1 0
157 2814 1 0
157 2842 1 0
157 4156 1 0
157 2492 1 0
157 2513 1 0
157 3292 1 0
157 2643 1 0
157 4496 1 0
157 2454 1 0
157 3682 1 0
157 592 1 0
157 3369 1 0
157 368 1 0
157 2946 1 0
157 1975 1 0
157 2603 1 0
157 2103 1 0
157 1853 1 0
157 2141 1 0
157 4309 1 0
157 94 1 0
157 2311 1 0
157 8 1 0
157 4287 1 0
157 2154 1 0
157 1140 1 0
157 388 1 0
157 681 1 0
157 1606 1 0
157 3500 1 1
157 638 1 1
157 2089 1 1
157 1513 1 1
157 3543 1 1
157 178 1 1
157 861 1 1
157 2354 1 1
157 4599 1 1
157 4046 1 1
157 1774 1 1
157 3669 1 1
157 3007 1 1
157 4169 1 1
157 17 1 1
157 3051 1 1
157 3823 1 1
157 4559 1 1
157 1633 1 1
157 2814 1 1
157 2842 1 1
157 4156 1 1
157 2492 1 1
157 2513 1 1
157 3292 1 1
157 2643 1 1
157 4496 1 1
157 2454 1 1
157 3682 1 1
157 592 1 1
157 3369 1 1
157 368 1 1
157 2946 1 1
157 1975 1 1
157 2603 1 1
157 2103 1 1
157 1853 1 1
157 2141 1 1
157 4309 1 1
157 94 1 1
157 2311 1 1
157 8 1 1
157 4287 1 1
157 2154 1 1
157 1140 1 1
157 388 1 1
157 681 1 1
157 1606 1 1
158 1463 1 0
158 2175 1 0
158 412 1 0
158 3128 1 0
158 1914 1 0
158 1463 1 1
158 2175 1 1
158 412 1 1
158 3128 1 1
158 1914 1 1
158 2865 1 2
158 221 1 2
158 3948 1 2
158 3457 1 2
158 2602 1 2
158 157 1 2
158 3463 1 2
159 3541 1 0
159 752 1 0
159 3389 1 0
159 3220 1 0
159 928 1 0
159 4750 1 0
159 2249 1 0
159 213 1 0
159 810 1 0
159 1827 1 0
159 706 1 0
159 3855 1 0
159 4056 1 0
159 1270 1 0
159 4111 1 0
159 4781 1 0
159 4534 1 0
159 1839 1 0
159 1296 1 1
159 542 1 1
159 3648 1 1
159 1791 1 1
159 4199 1 1
160 1822 1 0
160 3390 1 0
160 4453 1 0
160 487 1 0
160 4587 1 0
160 1590 1 0
160 3203 1 0
160 2095 1 0
160 1015 1 0
160 834 1 0
160 1822 1 1
160 3390 1 1
160 4453 1 1
160 487 1 1
160 4587 1 1
160 1590 1 1
160 3203 1 1
160 2095 1 1
160 1015 1 1
160 834 1 1
160 118 1 2
160 1380 1 2
160 1528 1 2
160 3872 1 2
160 3096 1 2
160 118 1 3
160 1380 1 3
160 1528 1 3
160 3872 1 3
160 3096 1 3
160 317 1 4
160 4316 1 4
160 4096 1 4
160 3555 1 4
160 4404 1 4
160 2807 1 4
160 3261 1 4
160 1548 1 4
161 3650 1 0
161 4349 1 0
161 473 1 0
161 1395 1 0
161 2109 1 0
161 1204 1 0
161 839 1 0
161 3111 1 0
161 3507 1 0
161 1163 1 0
161 2700 1 0
161 3374 1 1
161 2917 1 1
161 3019 1 1
161 4387 1 1
161 4411 1 1
161 2223 1 1
162 4136 1 0
162 3138 1 0
162 4618 1 0
162 4312 1 0
162 2699 1 0
162 2280 1 0
162 3715 1 0
162 1168 1 0
162 2273 1 0
162 2882 1 1
162 1478 1 1
162 3375 1 1
162 1894 1 1
162 2193 1 1
162 3407 1 1
163 3749 1 0
163 2554 1 0
163 3567 1 0
163 3516 1 0
163 1704 1 0
163 3746 1 0
163 3749 1 1
163 2554 1 1
163 3567 1 1
163 3516 1 1
163 1704 1 1
163 3746 1 1
163 1388 1 2
163 1841 1 2
163 4172 1 2
163 1845 1 2
163 3081 1 2
163 1749 1 3
163 230 1 3
163 2069 1 3
163 3262 1 3
163 1408 1 3
163 1926 1 3
163 4005 1 3
163 882 1 3
163 2647 1 3
163 4354 1 3
163 1546 1 3
163 4362 1 3
163 1792 1 4
163 1028 1 4
163 3729 1 4
163 1976 1 4
163 1722 1 4
163 1599 1 4
163 1448 1 4
164 2942 1 0
164 4060 1 0
164 3498 1 0
164 2916 1 0
164 4095 1 0
164 32 1 0
164 46 1 1
164 795 1 1
164 3130 1 1
164 126 1 1
164 616 1 1
164 2086 1 1
164 4402 1 1
164 2975 1 1
164 46 1 2
164 795 1 2
164 3130 1 2
164 126 1 2
164 616 1 2
164 2086 1 2
164 4402 1 2
164 2975 1 2
165 1374 1 0
165 3357 1 0
165 207 1 0
165 3684 1 0
165 3880 1 0
165 4635 1 0
165 114 1 1
165 2250 1 1
165 1020 1 1
165 3241 1 1
165 2918 1 1
165 1456 1 1
165 122 1 1
165 2985 1 2
165 2030 1 2
165 3114 1 2
165 1256 1 2
165 3404 1 2
166 2397 1 0
166 1100 1 0
166 2031 1 0
166 1746 1 0
166 3086 1 0
166 4662 1 0
166 3466 1 1
166 553 1 1
166 1151 1 1
166 916 1 1
166 1495 1 1
167 2862 1 0
167 2831 1 0
167 659 1 0
167 9 1 0
167 3409 1 0
167 3158 1 0
167 3380 1 0
167 3536 1 1
167 450 1 1
167 4313 1 1
167 1723 1 1
167 1907 1 1
167 72 1 1
167 2216 1 1
167 2813 1 1
167 3710 1 1
167 1031 1 1
167 3442 1 1
167 3384 1 1
167 2114 1 1
167 564 1 1
168 655 1 0
168 4242 1 0
168 252 1 0
168 1904 1 0
168 479 1 0
168 2192 1 1
168 2920 1 1
168 1908 1 1
168 2327 1 1
168 980 1 1
168 1557 1 1
168 4243 1 1
168 4094 1 1
168 1413 1 2
168 248 1 2
168 3146 1 2
168 3808 1 2
168 4051 1 2
169 1227 1 0
169 3361 1 0
169 1918 1 0
169 1152 1 0
169 3092 1 0
169 1158 1 0
169 1771 1 1
169 1901 1 1
169 765 1 1
169 2644 1 1
169 2316 1 1
169 2595 1 1
170 2122 1 0
170 4346 1 0
170 2068 1 0
170 3998 1 0
170 1141 1 0
170 3179 1 0
170 287 1 0
170 1124 1 0
170 3088 1 1
170 2611 1 1
170 3834 1 1
170 2408 1 1
170 1716 1 1
170 3873 1 1
170 4419 1 1
171 136 1 0
171 1988 1 0
171 1089 1 0
171 3473 1 0
171 22 1 0
171 3858 1 0
171 2056 1 0
171 3800 1 0
171 301 1 0
171 136 1 1
171 1988 1 1
171 1089 1 1
171 3473 1 1
171 22 1 1
171 3858 1 1
171 2056 1 1
171 3800 1 1
171 301 1 1
172 3737 1 0
172 1174 1 0
172 919 1 0
172 3470 1 0
172 2505 1 0
172 4447 1 0
172 4450 1 0
172 288 1 0
172 3864 1 1
172 687 1 1
172 1411 1 1
172 3796 1 1
172 3681 1 1
172 2717 1 1
172 1486 1 1
172 871 1 2
172 3791 1 2
172 1223 1 2
172 1693 1 2
172 2550 1 2
173 159 1 0
173 1402 1 0
173 4677 1 0
173 2599 1 0
173 3428 1 0
173 905 1 0
173 1631 1 1
173 1029 1 1
173 3490 1 1
173 2788 1 1
173 2384 1 1
173 3677 1 1
173 89 1 1
173 3326 1 1
173 4186 1 1
173 459 1 1
173 2158 1 1
173 4470 1 1
173 40 1 1
173 4174 1 1
173 1175 1 1
174 272 1 0
174 3694 1 0
174 3472 1 0
174 2817 1 0
174 3865 1 0
174 3691 1 1
174 4019 1 1
174 2196 1 1
174 580 1 1
174 1690 1 1
174 3075 1 1
174 842 1 1
174 1057 1 1
174 3691 1 2
174 4019 1 2
174 2196 1 2
174 580 1 2
174 1690 1 2
174 3075 1 2
174 842 1 2
174 1057 1 2
174 3187 1 3
174 3272 1 3
174 4016 1 3
174 1634 1 3
174 43 1 3
174 2744 1 3
174 3787 1 3
174 4627 1 3
174 3753 1 3
174 3158 1 3
174 364 1 3
174 2500 1 4
174 3568 1 4
174 829 1 4
174 2035 1 4
174 2990 1 4
174 3608 1 4
174 2691 1 4
174 4248 1 4
174 1675 1 4
174 3178 1 4
174 500 1 4
174 797 1 4
174 1713 1 4
174 1331 1 4
174 357 1 4
174 1936 1 4
174 2631 1 4
174 346 1 4
174 2500 1 5
174 3568 1 5
174 829 1 5
174 2035 1 5
174 2990 1 5
174 3608 1 5
174 2691 1 5
174 4248 1 5
174 1675 1 5
174 3178 1 5
174 500 1 5
174 797 1 5
174 1713 1 5
174 1331 1 5
174 357 1 5
174 1936 1 5
174 2631 1 5
174 346 1 5
174 2659 1 6
174 2767 1 6
174 3612 1 6
174 2912 1 6
174 4313 1 6
174 1276 1 6
174 2118 1 6
174 181 1 6
174 1884 1 6
174 258 1 6
174 2328 1 6
174 201 1 6
174 3188 1 6
174 1239 1 6
174 2495 1 6
174 2652 1 6
174 2978 1 6
174 1031 1 6
174 984 1 6
174 3710 1 6
174 1245 1 6
174 869 1 6
174 2964 1 6
174 4597 1 6
174 2542 1 6
174 1575 1 6
174 2547 1 6
174 2323 1 6
174 2667 1 6
174 2574 1 6
174 4236 1 6
174 2726 1 6
174 691 1 6
174 2047 1 6
174 4474 1 6
174 2573 1 6
174 4118 1 6
174 874 1 6
174 868 1 6
174 571 1 6
174 2044 1 6
174 2576 1 6
174 1021 1 6
174 1873 1 6
174 1600 1 6
174 3624 1 6
174 2740 1 6
174 994 1 6
174 1314 1 6
174 823 1 6
175 4722 1 0
175 4586 1 0
175 1081 1 0
175 192 1 0
175 3922 1 0
175 4594 1 0
175 2594 1 1
175 1362 1 1
175 1430 1 1
175 710 1 1
175 3276 1 1
175 6 1 1
175 2116 1 1
175 2594 1 2
175 1362 1 2
175 1430 1 2
175 710 1 2
175 3276 1 2
175 6 1 2
175 2116 1 2
176 1148 1 0
176 4735 1 0
176 2405 1 0
176 4390 1 0
176 1066 1 0
176 536 1 0
176 2461 1 0
176 3738 1 0
176 860 1 0
176 3137 1 0
176 3804 1 0
176 432 1 1
176 1681 1 1
176 170 1 1
176 1420 1 1
176 768 1 1
176 3089 1 2
176 1130 1 2
176 4585 1 2
176 992 1 2
176 557 1 2
176 3458 1 2
176 1714 1 2
176 446 1 2
176 3295 1 2
176 2992 1 3
176 4494 1 3
176 1856 1 3
176 2087 1 3
176 3571 1 3
177 1738 1 0
177 3416 1 0
177 84 1 0
177 3761 1 0
177 96 1 0
177 4616 1 0
177 113 1 0
177 1738 1 1
177 3416 1 1
177 84 1 1
177 3761 1 1
177 96 1 1
177 4616 1 1
177 113 1 1
177 707 1 2
177 4683 1 2
177 4737 1 2
177 4465 1 2
177 134 1 2
177 599 1 3
177 2312 1 3
177 2159 1 3
177 4031 1 3
177 2501 1 3
177 988 1 3
177 1793 1 3
177 224 1 4
177 3904 1 4
177 3878 1 4
177 1727 1 4
177 4187 1 4
177 3671 1 4
177 541 1 4
177 1011 1 4
177 4610 1 4
177 734 1 4
177 3759 1 4
178 1868 1 0
178 386 1 0
178 1217 1 0
178 3617 1 0
178 1814 1 0
178 625 1 0
178 4075 1 0
178 988 1 0
178 3104 1 1
178 2466 1 1
178 3916 1 1
178 365 1 1
178 493 1 1
178 1018 1 1
178 3104 1 2
178 2466 1 2
178 3916 1 2
178 365 1 2
178 493 1 2
178 1018 1 2
178 2312 1 3
178 4055 1 3
178 3417 1 3
178 3008 1 3
178 1527 1 3
178 4292 1 3
178 641 1 3
178 80 1 3
179 341 1 0
179 4581 1 0
179 669 1 0
179 3967 1 0
179 4374 1 0
179 1170 1 1
179 2460 1 1
179 4519 1 1
179 2302 1 1
179 4670 1 1
179 2583 1 1
179 1170 1 2
179 2460 1 2
179 4519 1 2
179 2302 1 2
179 4670 1 2
179 2583 1 2
180 2953 1 0
180 1809 1 0
180 2017 1 0
180 478 1 0
180 2957 1 0
180 216 1 0
180 1080 1 0
180 3043 1 0
180 4023 1 0
180 1118 1 0
180 4209 1 0
180 3995 1 1
180 4128 1 1
180 4746 1 1
180 124 1 1
180 1347 1 1
180 3995 1 2
180 4128 1 2
180 4746 1 2
180 124 1 2
180 1347 1 2
182 2204 1 0
182 381 1 0
182 2883 1 0
182 2736 1 0
182 629 1 0
182 4600 1 0
182 3184 1 0
182 1544 1 1
182 2058 1 1
182 970 1 1
182 4078 1 1
182 1864 1 1
182 3280 1 1
182 4552 1 1
182 4608 1 1
182 552 1 1
182 1308 1 1
181 2976 1 0
181 2612 1 0
181 4524 1 0
181 2198 1 0
181 360 1 0
181 4471 1 0
181 2986 1 0
181 727 1 0
181 3183 1 0
181 1516 1 0
181 4637 1 0
181 2227 1 0
181 2456 1 0
181 200 1 0
181 1077 1 0
181 210 1 0
181 919 1 0
181 153 1 0
181 263 1 0
181 2901 1 0
181 4268 1 1
181 3385 1 1
181 376 1 1
181 772 1 1
181 1384 1 1
181 1095 1 1
184 3438 1 0
184 155 1 0
184 2490 1 0
184 2396 1 0
184 4343 1 0
184 3594 1 0
184 1207 1 0
184 3219 1 0
184 3438 1 1
184 155 1 1
184 2490 1 1
184 2396 1 1
184 4343 1 1
184 3594 1 1
184 1207 1 1
184 3219 1 1
183 4611 1 0
183 2796 1 0
183 4739 1 0
183 1379 1 0
183 3301 1 0
183 2937 1 1
183 3060 1 1
183 4360 1 1
183 4299 1 1
183 2355 1 1
183 294 1 1
183 2431 1 1
183 1837 1 1
183 3903 1 2
183 4667 1 2
183 1810 1 2
183 2479 1 2
183 2605 1 2
183 1615 1 2
185 4489 1 0
185 732 1 0
185 978 1 0
185 350 1 0
185 1743 1 0
185 1954 1 0
185 2660 1 0
185 1188 1 0
185 803 1 0
185 92 1 0
185 1186 1 0
185 4 1 0
185 1524 1 0
185 196 1 0
185 4625 1 0
185 3515 1 0
185 4639 1 0
185 1795 1 0
185 4138 1 0
185 771 1 0
185 540 1 0
185 2743 1 0
185 3602 1 0
185 1535 1 0
185 3826 1 0
185 448 1 0
185 2609 1 0
185 3400 1 0
185 4576 1 0
185 1579 1 0
185 2393 1 0
185 3575 1 0
185 918 1 0
185 2025 1 0
185 357 1 0
185 1090 1 0
185 3070 1 1
185 2003 1 1
185 1645 1 1
185 4571 1 1
185 3901 1 1
185 3344 1 1
185 233 1 1
185 3204 1 1
186 1602 1 0
186 1309 1 0
186 1836 1 0
186 1410 1 0
186 193 1 0
186 316 1 0
186 1602 1 1
186 1309 1 1
186 1836 1 1
186 1410 1 1
186 193 1 1
186 316 1 1
186 3996 1 2
186 2493 1 2
186 3236 1 2
186 704 1 2
186 3754 1 2
186 1752 1 3
186 228 1 3
186 413 1 3
186 1794 1 3
186 1920 1 3
186 16 1 3
186 1509 1 3
186 2903 1 3
186 3879 1 3
186 4367 1 3
186 2027 1 3
186 534 1 3
186 1953 1 3
186 3477 1 3
186 4300 1 3
186 1326 1 3
186 4133 1 4
186 1366 1 4
186 4388 1 4
186 1247 1 4
186 2240 1 4
186 4704 1 4
186 2613 1 4
186 1375 1 4
186 4200 1 4
186 1072 1 4
186 4640 1 4
186 921 1 4
187 1989 1 0
187 2809 1 0
187 2475 1 0
187 2465 1 0
187 3329 1 0
187 2911 1 1
187 4566 1 1
187 1651 1 1
187 1622 1 1
187 4168 1 1
187 1821 1 1
187 843 1 1
187 2424 1 1
187 4763 1 1
187 3545 1 1
187 1826 1 1
187 4785 1 1
187 1067 1 1
187 2780 1 1
187 3377 1 1
187 1844 1 1
187 2359 1 1
187 4223 1 1
187 3523 1 1
187 1238 1 1
187 773 1 1
187 4603 1 1
187 3634 1 1
187 1913 1 1
187 602 1 1
187 97 1 1
187 4256 1 2
187 841 1 2
187 1142 1 2
187 3781 1 2
187 3492 1 2
187 2263 1 2
187 2379 1 2
187 4705 1 2
187 4425 1 2
187 1871 1 2
187 2059 1 2
187 1812 1 2
187 566 1 2
187 554 1 2
187 854 1 2
187 1617 1 2
187 609 1 2
187 2217 1 2
187 1637 1 2
187 1010 1 2
187 3161 1 2
187 4485 1 2
187 2645 1 2
187 1096 1 2
187 285 1 2
187 3263 1 2
187 33 1 2
187 688 1 2
187 4257 1 2
187 1416 1 2
187 308 1 2
187 3200 1 2
187 3502 1 2
187 3364 1 2
187 756 1 2
187 4132 1 2
187 1975 1 2
187 2447 1 2
187 3201 1 2
187 1603 1 2
187 670 1 2
187 3686 1 2
187 2178 1 2
187 3345 1 2
187 4676 1 2
187 2414 1 2
187 647 1 2
187 1977 1 2
187 2701 1 2
187 3485 1 2
187 4330 1 2
187 4707 1 2
187 4258 1 2
187 4080 1 2
187 1171 1 2
187 1065 1 2
187 4684 1 2
187 3803 1 2
187 3488 1 2
187 4116 1 2
187 2142 1 2
187 322 1 2
187 2657 1 2
187 840 1 2
187 1895 1 2
187 67 1 2
187 1450 1 2
187 2646 1 2
187 3981 1 2
187 2818 1 2
187 824 1 2
187 4256 1 3
187 841 1 3
187 1142 1 3
187 3781 1 3
187 3492 1 3
187 2263 1 3
187 2379 1 3
187 4705 1 3
187 4425 1 3
187 1871 1 3
187 2059 1 3
187 1812 1 3
187 566 1 3
187 554 1 3
187 854 1 3
187 1617 1 3
187 609 1 3
187 2217 1 3
187 1637 1 3
187 1010 1 3
187 3161 1 3
187 4485 1 3
187 2645 1 3
187 1096 1 3
187 285 1 3
187 3263 1 3
187 33 1 3
187 688 1 3
187 4257 1 3
187 1416 1 3
187 308 1 3
187 3200 1 3
187 3502 1 3
187 3364 1 3
187 756 1 3
187 4132 1 3
187 1975 1 3
187 2447 1 3
187 3201 1 3
187 1603 1 3
187 670 1 3
187 3686 1 3
187 2178 1 3
187 3345 1 3
187 4676 1 3
187 2414 1 3
187 647 1 3
187 1977 1 3
187 2701 1 3
187 3485 1 3
187 4330 1 3
187 4707 1 3
187 4258 1 3
187 4080 1 3
187 1171 1 3
187 1065 1 3
187 4684 1 3
187 3803 1 3
187 3488 1 3
187 4116 1 3
187 2142 1 3
187 322 1 3
187 2657 1 3
187 840 1 3
187 1895 1 3
187 67 1 3
187 1450 1 3
187 2646 1 3
187 3981 1 3
187 2818 1 3
187 824 1 3
188 4082 1 0
188 1292 1 0
188 3741 1 0
188 2750 1 0
188 3550 1 0
188 652 1 0
188 2443 1 0
188 4073 1 0
188 2092 1 0
188 714 1 0
188 3809 1 0
188 1838 1 0
188 1883 1 0
188 3016 1 0
188 222 1 0
188 2695 1 1
188 878 1 1
188 3578 1 1
188 3447 1 1
188 3457 1 1
188 758 1 1
188 1595 1 1
188 1783 1 1
189 1277 1 0
189 2939 1 0
189 4146 1 0
189 3468 1 0
189 1503 1 0
189 785 1 0
189 1339 1 1
189 1762 1 1
189 35 1 1
189 3365 1 1
189 3844 1 1
189 1728 1 2
189 1199 1 2
189 3982 1 2
189 2452 1 2
189 1574 1 2
189 1506 1 2
189 2839 1 2
189 2500 1 2
189 2784 1 2
189 4083 1 2
189 1939 1 2
189 2470 1 2
189 1728 1 3
189 1199 1 3
189 3982 1 3
189 2452 1 3
189 1574 1 3
189 1506 1 3
189 2839 1 3
189 2500 1 3
189 2784 1 3
189 4083 1 3
189 1939 1 3
189 2470 1 3
190 1911 1 0
190 1434 1 0
190 4743 1 0
190 3255 1 0
190 3908 1 0
190 2833 1 0
190 123 1 0
190 3866 1 0
190 989 1 0
190 555 1 0
190 98 1 0
190 354 1 0
190 4085 1 1
190 3105 1 1
190 2351 1 1
190 4520 1 1
190 1811 1 1
190 4736 1 1
190 2743 1 1
190 3643 1 1
190 517 1 1
190 1941 1 1
190 3198 1 1
190 2857 1 1
191 1206 1 0
191 1724 1 0
191 2283 1 0
191 3288 1 0
191 3496 1 0
191 2787 1 0
191 1206 1 1
191 1724 1 1
191 2283 1 1
191 3288 1 1
191 3496 1 1
191 2787 1 1
192 3067 1 0
192 44 1 0
192 3159 1 0
192 904 1 0
192 698 1 0
192 3930 1 0
192 1090 1 1
192 3645 1 1
192 4142 1 1
192 2730 1 1
192 1798 1 1
192 4316 1 1
193 3297 1 0
193 1417 1 0
193 775 1 0
193 1332 1 0
193 2266 1 0
193 2200 1 0
193 3436 1 1
193 856 1 1
193 3224 1 1
193 1076 1 1
193 1960 1 1
193 2478 1 1
193 1850 1 1
193 324 1 1
193 4601 1 1
193 418 1 1
193 2571 1 1
193 2593 1 1
193 3036 1 1
193 4065 1 1
194 2098 1 0
194 4526 1 0
194 2820 1 0
194 1229 1 0
194 2484 1 0
194 1975 1 1
194 864 1 1
194 1607 1 1
194 808 1 1
194 1496 1 1
195 4302 1 0
195 3069 1 0
195 2351 1 0
195 1287 1 0
195 2510 1 0
195 1288 1 0
195 759 1 0
195 3512 1 0
195 299 1 0
195 4175 1 0
195 2209 1 0
195 627 1 0
195 2400 1 0
195 4551 1 0
195 227 1 0
195 2050 1 0
195 4492 1 0
195 4302 1 1
195 3069 1 1
195 2351 1 1
195 1287 1 1
195 2510 1 1
195 1288 1 1
195 759 1 1
195 3512 1 1
195 299 1 1
195 4175 1 1
195 2209 1 1
195 627 1 1
195 2400 1 1
195 4551 1 1
195 227 1 1
195 2050 1 1
195 4492 1 1
195 1930 1 2
195 3818 1 2
195 495 1 2
195 2041 1 2
195 3810 1 2
195 3852 1 2
195 3637 1 2
195 3761 1 2
195 892 1 2
195 1739 1 2
195 3460 1 2
195 3894 1 2
195 3469 1 2
195 3008 1 2
195 2586 1 2
195 1880 1 2
195 4672 1 2
195 813 1 3
195 4385 1 3
195 174 1 3
195 4576 1 3
195 3514 1 3
195 3444 1 3
195 2629 1 3
195 2016 1 3
195 2539 1 3
195 1510 1 3
195 419 1 4
195 336 1 4
195 3350 1 4
195 3311 1 4
195 1759 1 4
195 2291 1 4
195 506 1 5
195 1221 1 5
195 3184 1 5
195 900 1 5
195 955 1 5
195 2514 1 6
195 593 1 6
195 3136 1 6
195 1580 1 6
195 2049 1 6
195 939 1 6
195 3415 1 6
195 3087 1 6
195 2271 1 6
195 1852 1 6
195 3398 1 7
195 2197 1 7
195 2767 1 7
195 106 1 7
195 47 1 7
195 2912 1 7
195 3360 1 7
195 3432 1 7
195 545 1 7
195 1276 1 7
195 2118 1 7
195 1992 1 7
195 1884 1 7
195 2216 1 7
195 3331 1 7
195 3735 1 7
195 484 1 7
195 1264 1 7
195 429 1 7
195 3386 1 7
195 181 1 7
195 2978 1 7
195 2394 1 7
195 564 1 7
195 4340 1 7
195 3788 1 7
195 3197 1 7
195 1744 1 7
195 503 1 7
195 3693 1 7
195 2105 1 7
195 3045 1 7
195 3376 1 7
195 691 1 7
195 3462 1 7
195 2697 1 7
195 572 1 7
195 3192 1 7
195 3769 1 7
195 2323 1 7
195 2005 1 7
195 1747 1 7
195 4074 1 7
195 786 1 7
195 2667 1 7
195 4474 1 7
195 1198 1 7
195 778 1 7
195 1428 1 7
195 1053 1 7
195 2115 1 7
195 4430 1 7
195 4024 1 7
195 105 1 7
195 1302 1 7
195 3776 1 7
195 3984 1 7
195 4208 1 7
195 3632 1 7
195 2680 1 7
195 1435 1 7
195 2884 1 7
195 779 1 7
195 2607 1 7
195 1873 1 7
195 4523 1 7
195 4317 1 7
195 4755 1 7
195 1021 1 7
195 4784 1 7
195 1378 1 7
195 4205 1 7
195 807 1 7
195 4629 1 7
195 2437 1 7
195 2269 1 7
195 3656 1 7
195 379 1 7
195 2843 1 7
195 1084 1 7
195 2091 1 7
196 2260 1 0
196 4570 1 0
196 2135 1 0
196 3110 1 0
196 2303 1 0
196 2126 1 0
196 1024 1 0
196 2687 1 1
196 3325 1 1
196 2733 1 1
196 3599 1 1
196 3268 1 1
196 4123 1 1
196 549 1 1
197 971 1 0
197 1858 1 0
197 4545 1 0
197 3064 1 0
197 1376 1 0
197 1525 1 1
197 3743 1 1
197 2743 1 1
197 827 1 1
197 3058 1 1
197 4322 1 1
197 378 1 1
197 4502 1 1
197 649 1 1
197 1219 1 1
197 4293 1 1
197 539 1 1
197 90 1 2
197 191 1 2
197 2594 1 2
197 1888 1 2
197 4120 1 2
197 2222 1 2
197 3052 1 2
197 2999 1 2
197 3692 1 2
197 671 1 2
197 588 1 2
197 4538 1 2
197 90 1 3
197 191 1 3
197 2594 1 3
197 1888 1 3
197 4120 1 3
197 2222 1 3
197 3052 1 3
197 2999 1 3
197 3692 1 3
197 671 1 3
197 588 1 3
197 4538 1 3
198 164 1 0
198 1363 1 0
198 1212 1 0
198 3793 1 0
198 1849 1 0
198 1358 1 1
198 1234 1 1
198 1892 1 1
198 1732 1 1
198 4428 1 1
198 2980 1 2
198 1396 1 2
198 3862 1 2
198 628 1 2
198 2304 1 2
198 1455 1 2
199 2372 1 0
199 3644 1 0
199 4147 1 0
199 2696 1 0
199 4783 1 0
199 4540 1 0
199 1322 1 0
199 610 1 0
199 1741 1 1
199 3142 1 1
199 1591 1 1
199 3408 1 1
199 2243 1 1
199 1741 1 2
199 3142 1 2
199 1591 1 2
199 3408 1 2
199 2243 1 2
200 1583 1 0
200 3072 1 0
200 4668 1 0
200 3486 1 0
200 2395 1 0
200 4643 1 0
200 2339 1 1
200 613 1 1
200 4628 1 1
200 3973 1 1
200 1333 1 1
200 2042 1 1
200 1663 1 1
200 1691 1 1
200 3103 1 2
200 2713 1 2
200 2276 1 2
200 1220 1 2
200 1462 1 2
201 3569 1 0
201 4331 1 0
201 2805 1 0
201 4120 1 0
201 2938 1 0
201 433 1 0
201 2594 1 1
201 4682 1 1
201 1715 1 1
201 2184 1 1
201 3430 1 1
202 4491 1 0
202 1518 1 0
202 3431 1 0
202 2387 1 0
202 977 1 0
202 2823 1 0
202 2268 1 0
202 300 1 0
202 3054 1 0
202 3191 1 0
202 3748 1 0
202 1301 1 0
202 2633 1 0
202 1847 1 1
202 4547 1 1
202 1348 1 1
202 832 1 1
202 2432 1 1
202 2987 1 1
202 4454 1 2
202 3795 1 2
202 2433 1 2
202 3782 1 2
202 2103 1 2
203 171 1 0
203 790 1 0
203 4427 1 0
203 3025 1 0
203 3805 1 0
203 333 1 0
203 3234 1 0
203 4249 1 0
203 2783 1 0
203 1475 1 1
203 1767 1 1
203 4048 1 1
203 4209 1 1
203 3817 1 1
204 3057 1 0
204 2356 1 0
204 1320 1 0
204 2381 1 0
204 1004 1 0
204 2714 1 0
204 3613 1 0
204 2267 1 0
204 4440 1 0
204 2313 1 0
204 1628 1 0
204 3664 1 0
204 4656 1 0
204 2199 1 0
204 2507 1 0
204 2351 1 0
204 4157 1 0
204 3576 1 1
204 3346 1 1
204 4268 1 1
204 1333 1 1
204 3020 1 1
204 2664 1 1
204 3576 1 2
204 3346 1 2
204 4268 1 2
204 1333 1 2
204 3020 1 2
204 2664 1 2
205 2249 1 0
205 2875 1 0
205 2902 1 0
205 4583 1 0
205 1659 1 0
205 3722 1 1
205 3536 1 1
205 2768 1 1
205 4522 1 1
205 3468 1 1
205 3992 1 2
205 323 1 2
205 2702 1 2
205 1947 1 2
205 3982 1 2
205 2172 1 2
